rep,id,eta_p1,eta_p2,eta_alpha1,eta_alpha2
1,1,0.19351,0,0,0
2,1,0.194101,0,0,0
3,1,0.19141,0,0,0
4,1,0.191557,0,0,0
5,1,0.194516,0,0,0
6,1,0.194959,0,0,0
7,1,0.195012,0,0,0
8,1,0.19441,0,0,0
9,1,0.19492,0,0,0
10,1,0.192722,0,0,0
1,2,0.633561,0,0,0
2,2,0.632318,0,0,0
3,2,0.631721,0,0,0
4,2,0.632403,0,0,0
5,2,0.633286,0,0,0
6,2,0.63483,0,0,0
7,2,0.635794,0,0,0
8,2,0.633103,0,0,0
9,2,0.63257,0,0,0
10,2,0.632709,0,0,0
1,3,-0.201587,0,0,0
2,3,-0.203308,0,0,0
3,3,-0.205713,0,0,0
4,3,-0.205824,0,0,0
5,3,-0.205821,0,0,0
6,3,-0.206059,0,0,0
7,3,-0.206015,0,0,0
8,3,-0.205851,0,0,0
9,3,-0.203474,0,0,0
10,3,-0.203474,0,0,0
1,4,1.30313,0,0,0
2,4,1.3036,0,0,0
3,4,1.30174,0,0,0
4,4,1.30461,0,0,0
5,4,1.30503,0,0,0
6,4,1.30235,0,0,0
7,4,1.30394,0,0,0
8,4,1.30394,0,0,0
9,4,1.30411,0,0,0
10,4,1.3038,0,0,0
1,5,-0.375946,0,0,0
2,5,-0.376575,0,0,0
3,5,-0.379629,0,0,0
4,5,-0.379224,0,0,0
5,5,-0.381259,0,0,0
6,5,-0.375625,0,0,0
7,5,-0.379787,0,0,0
8,5,-0.377686,0,0,0
9,5,-0.378559,0,0,0
10,5,-0.377754,0,0,0
1,6,0.0505279,0,0,0
2,6,0.0540019,0,0,0
3,6,0.0513174,0,0,0
4,6,0.0518767,0,0,0
5,6,0.0525987,0,0,0
6,6,0.0514402,0,0,0
7,6,0.0517832,0,0,0
8,6,0.052305,0,0,0
9,6,0.0517248,0,0,0
10,6,0.0537797,0,0,0
1,7,0.214727,0,0,0
2,7,0.213884,0,0,0
3,7,0.21694,0,0,0
4,7,0.216773,0,0,0
5,7,0.216166,0,0,0
6,7,0.215766,0,0,0
7,7,0.215319,0,0,0
8,7,0.217614,0,0,0
9,7,0.21606,0,0,0
10,7,0.215964,0,0,0
1,8,0.225319,0,0,0
2,8,0.226599,0,0,0
3,8,0.222954,0,0,0
4,8,0.227551,0,0,0
5,8,0.228446,0,0,0
6,8,0.22595,0,0,0
7,8,0.224778,0,0,0
8,8,0.22538,0,0,0
9,8,0.22482,0,0,0
10,8,0.22482,0,0,0
1,9,-1.98558,0,0,0
2,9,-1.98461,0,0,0
3,9,-1.98461,0,0,0
4,9,-1.98349,0,0,0
5,9,-1.98552,0,0,0
6,9,-1.98604,0,0,0
7,9,-1.98336,0,0,0
8,9,-1.98389,0,0,0
9,9,-1.98451,0,0,0
10,9,-1.98439,0,0,0
1,10,-0.71803,0,0,0
2,10,-0.719478,0,0,0
3,10,-0.716141,0,0,0
4,10,-0.719351,0,0,0
5,10,-0.719136,0,0,0
6,10,-0.71473,0,0,0
7,10,-0.716176,0,0,0
8,10,-0.719809,0,0,0
9,10,-0.719373,0,0,0
10,10,-0.718127,0,0,0
1,11,0.145301,0,0,0
2,11,0.14408,0,0,0
3,11,0.143787,0,0,0
4,11,0.144843,0,0,0
5,11,0.146893,0,0,0
6,11,0.143897,0,0,0
7,11,0.14543,0,0,0
8,11,0.148724,0,0,0
9,11,0.148704,0,0,0
10,11,0.149059,0,0,0
1,12,0.60326,0,0,0
2,12,0.601866,0,0,0
3,12,0.603632,0,0,0
4,12,0.602029,0,0,0
5,12,0.603802,0,0,0
6,12,0.600841,0,0,0
7,12,0.603721,0,0,0
8,12,0.603064,0,0,0
9,12,0.604068,0,0,0
10,12,0.60342,0,0,0
1,13,-0.0407721,0,0,0
2,13,-0.0402534,0,0,0
3,13,-0.0380697,0,0,0
4,13,-0.0396928,0,0,0
5,13,-0.0397626,0,0,0
6,13,-0.0413246,0,0,0
7,13,-0.0413246,0,0,0
8,13,-0.0406077,0,0,0
9,13,-0.0379526,0,0,0
10,13,-0.0408307,0,0,0
1,14,-1.46096,0,0,0
2,14,-1.45479,0,0,0
3,14,-1.45652,0,0,0
4,14,-1.45722,0,0,0
5,14,-1.45513,0,0,0
6,14,-1.45812,0,0,0
7,14,-1.45704,0,0,0
8,14,-1.45669,0,0,0
9,14,-1.45614,0,0,0
10,14,-1.45766,0,0,0
1,15,0.740516,0,0,0
2,15,0.739615,0,0,0
3,15,0.740043,0,0,0
4,15,0.740682,0,0,0
5,15,0.742931,0,0,0
6,15,0.742474,0,0,0
7,15,0.743616,0,0,0
8,15,0.743559,0,0,0
9,15,0.741733,0,0,0
10,15,0.739676,0,0,0
1,16,-0.146398,0,0,0
2,16,-0.148367,0,0,0
3,16,-0.145055,0,0,0
4,16,-0.147998,0,0,0
5,16,-0.144678,0,0,0
6,16,-0.147441,0,0,0
7,16,-0.148096,0,0,0
8,16,-0.14473,0,0,0
9,16,-0.147281,0,0,0
10,16,-0.146074,0,0,0
1,17,1.08362,0,0,0
2,17,1.08037,0,0,0
3,17,1.08035,0,0,0
4,17,1.08032,0,0,0
5,17,1.07804,0,0,0
6,17,1.08047,0,0,0
7,17,1.08058,0,0,0
8,17,1.08012,0,0,0
9,17,1.07813,0,0,0
10,17,1.08043,0,0,0
1,18,0.711247,0,0,0
2,18,0.713347,0,0,0
3,18,0.713347,0,0,0
4,18,0.70889,0,0,0
5,18,0.715614,0,0,0
6,18,0.716095,0,0,0
7,18,0.713436,0,0,0
8,18,0.710884,0,0,0
9,18,0.714747,0,0,0
10,18,0.71447,0,0,0
1,19,-0.279989,0,0,0
2,19,-0.279305,0,0,0
3,19,-0.276555,0,0,0
4,19,-0.279137,0,0,0
5,19,-0.278096,0,0,0
6,19,-0.279808,0,0,0
7,19,-0.277567,0,0,0
8,19,-0.281495,0,0,0
9,19,-0.278751,0,0,0
10,19,-0.279859,0,0,0
1,20,-0.70446,0,0,0
2,20,-0.705718,0,0,0
3,20,-0.704059,0,0,0
4,20,-0.702678,0,0,0
5,20,-0.701976,0,0,0
6,20,-0.70047,0,0,0
7,20,-0.705576,0,0,0
8,20,-0.705221,0,0,0
9,20,-0.703029,0,0,0
10,20,-0.704482,0,0,0
1,21,-0.48992,0,0,0
2,21,-0.489504,0,0,0
3,21,-0.493638,0,0,0
4,21,-0.492588,0,0,0
5,21,-0.490517,0,0,0
6,21,-0.492219,0,0,0
7,21,-0.493333,0,0,0
8,21,-0.491905,0,0,0
9,21,-0.492212,0,0,0
10,21,-0.493004,0,0,0
1,22,-0.692282,0,0,0
2,22,-0.692734,0,0,0
3,22,-0.691749,0,0,0
4,22,-0.691246,0,0,0
5,22,-0.692036,0,0,0
6,22,-0.689211,0,0,0
7,22,-0.690016,0,0,0
8,22,-0.68684,0,0,0
9,22,-0.690007,0,0,0
10,22,-0.689827,0,0,0
1,23,-1.36091,0,0,0
2,23,-1.36037,0,0,0
3,23,-1.36077,0,0,0
4,23,-1.35893,0,0,0
5,23,-1.35971,0,0,0
6,23,-1.36162,0,0,0
7,23,-1.3619,0,0,0
8,23,-1.35913,0,0,0
9,23,-1.36314,0,0,0
10,23,-1.36007,0,0,0
1,24,-0.395907,0,0,0
2,24,-0.399144,0,0,0
3,24,-0.393247,0,0,0
4,24,-0.398946,0,0,0
5,24,-0.396564,0,0,0
6,24,-0.396564,0,0,0
7,24,-0.394037,0,0,0
8,24,-0.393549,0,0,0
9,24,-0.393278,0,0,0
10,24,-0.396216,0,0,0
1,25,-0.0141942,0,0,0
2,25,-0.0181589,0,0,0
3,25,-0.0134972,0,0,0
4,25,-0.0179652,0,0,0
5,25,-0.0146396,0,0,0
6,25,-0.0170438,0,0,0
7,25,-0.0147967,0,0,0
8,25,-0.0142255,0,0,0
9,25,-0.0160752,0,0,0
10,25,-0.0141331,0,0,0
1,26,-0.339021,0,0,0
2,26,-0.338342,0,0,0
3,26,-0.338553,0,0,0
4,26,-0.336283,0,0,0
5,26,-0.339602,0,0,0
6,26,-0.336085,0,0,0
7,26,-0.340834,0,0,0
8,26,-0.339958,0,0,0
9,26,-0.33847,0,0,0
10,26,-0.340209,0,0,0
1,27,0.815762,0,0,0
2,27,0.817805,0,0,0
3,27,0.817397,0,0,0
4,27,0.815723,0,0,0
5,27,0.820594,0,0,0
6,27,0.81883,0,0,0
7,27,0.818107,0,0,0
8,27,0.818928,0,0,0
9,27,0.819091,0,0,0
10,27,0.816672,0,0,0
1,28,0.253443,0,0,0
2,28,0.255737,0,0,0
3,28,0.254836,0,0,0
4,28,0.255811,0,0,0
5,28,0.253943,0,0,0
6,28,0.253335,0,0,0
7,28,0.25361,0,0,0
8,28,0.255903,0,0,0
9,28,0.253335,0,0,0
10,28,0.253507,0,0,0
1,29,-1.00673,0,0,0
2,29,-1.00895,0,0,0
3,29,-1.00607,0,0,0
4,29,-1.00707,0,0,0
5,29,-1.00903,0,0,0
6,29,-1.00545,0,0,0
7,29,-1.00974,0,0,0
8,29,-1.00763,0,0,0
9,29,-1.00941,0,0,0
10,29,-1.01197,0,0,0
1,30,0.809233,0,0,0
2,30,0.806532,0,0,0
3,30,0.810077,0,0,0
4,30,0.808541,0,0,0
5,30,0.808478,0,0,0
6,30,0.806811,0,0,0
7,30,0.810273,0,0,0
8,30,0.810351,0,0,0
9,30,0.80501,0,0,0
10,30,0.807318,0,0,0
1,31,0.197669,0,0,0
2,31,0.197669,0,0,0
3,31,0.199257,0,0,0
4,31,0.196583,0,0,0
5,31,0.197498,0,0,0
6,31,0.199312,0,0,0
7,31,0.19643,0,0,0
8,31,0.196752,0,0,0
9,31,0.198955,0,0,0
10,31,0.196826,0,0,0
1,32,0.100646,0,0,0
2,32,0.102114,0,0,0
3,32,0.10013,0,0,0
4,32,0.102071,0,0,0
5,32,0.102822,0,0,0
6,32,0.102277,0,0,0
7,32,0.102277,0,0,0
8,32,0.103122,0,0,0
9,32,0.102709,0,0,0
10,32,0.100613,0,0,0
1,33,-0.463688,0,0,0
2,33,-0.462441,0,0,0
3,33,-0.464322,0,0,0
4,33,-0.464055,0,0,0
5,33,-0.464055,0,0,0
6,33,-0.463161,0,0,0
7,33,-0.46157,0,0,0
8,33,-0.462728,0,0,0
9,33,-0.464885,0,0,0
10,33,-0.462195,0,0,0
1,34,-0.970625,0,0,0
2,34,-0.970625,0,0,0
3,34,-0.971566,0,0,0
4,34,-0.970265,0,0,0
5,34,-0.969045,0,0,0
6,34,-0.968369,0,0,0
7,34,-0.970685,0,0,0
8,34,-0.971409,0,0,0
9,34,-0.970551,0,0,0
10,34,-0.969241,0,0,0
1,35,1.26489,0,0,0
2,35,1.26508,0,0,0
3,35,1.26598,0,0,0
4,35,1.26687,0,0,0
5,35,1.26572,0,0,0
6,35,1.26778,0,0,0
7,35,1.26784,0,0,0
8,35,1.27036,0,0,0
9,35,1.27121,0,0,0
10,35,1.26785,0,0,0
1,36,-0.431739,0,0,0
2,36,-0.433941,0,0,0
3,36,-0.433941,0,0,0
4,36,-0.43269,0,0,0
5,36,-0.433103,0,0,0
6,36,-0.432539,0,0,0
7,36,-0.432508,0,0,0
8,36,-0.43261,0,0,0
9,36,-0.433665,0,0,0
10,36,-0.428983,0,0,0
1,37,-0.478044,0,0,0
2,37,-0.478582,0,0,0
3,37,-0.478616,0,0,0
4,37,-0.479025,0,0,0
5,37,-0.481634,0,0,0
6,37,-0.47949,0,0,0
7,37,-0.479045,0,0,0
8,37,-0.478662,0,0,0
9,37,-0.47962,0,0,0
10,37,-0.47962,0,0,0
1,38,0.68278,0,0,0
2,38,0.680169,0,0,0
3,38,0.681474,0,0,0
4,38,0.68282,0,0,0
5,38,0.681337,0,0,0
6,38,0.681596,0,0,0
7,38,0.681559,0,0,0
8,38,0.679737,0,0,0
9,38,0.682484,0,0,0
10,38,0.682784,0,0,0
1,39,0.750715,0,0,0
2,39,0.752136,0,0,0
3,39,0.749691,0,0,0
4,39,0.750054,0,0,0
5,39,0.748523,0,0,0
6,39,0.751747,0,0,0
7,39,0.749632,0,0,0
8,39,0.751895,0,0,0
9,39,0.749213,0,0,0
10,39,0.749568,0,0,0
1,40,-0.302135,0,0,0
2,40,-0.301536,0,0,0
3,40,-0.30576,0,0,0
4,40,-0.299963,0,0,0
5,40,-0.304681,0,0,0
6,40,-0.304735,0,0,0
7,40,-0.303659,0,0,0
8,40,-0.303859,0,0,0
9,40,-0.305442,0,0,0
10,40,-0.300803,0,0,0
1,41,0.832243,0,0,0
2,41,0.830751,0,0,0
3,41,0.832022,0,0,0
4,41,0.831512,0,0,0
5,41,0.831416,0,0,0
6,41,0.829562,0,0,0
7,41,0.827754,0,0,0
8,41,0.832425,0,0,0
9,41,0.828677,0,0,0
10,41,0.830162,0,0,0
1,42,0.028998,0,0,0
2,42,0.0279443,0,0,0
3,42,0.0296287,0,0,0
4,42,0.0285637,0,0,0
5,42,0.026905,0,0,0
6,42,0.0299439,0,0,0
7,42,0.0271595,0,0,0
8,42,0.0253819,0,0,0
9,42,0.0305894,0,0,0
10,42,0.0273891,0,0,0
1,43,-0.254697,0,0,0
2,43,-0.25694,0,0,0
3,43,-0.258987,0,0,0
4,43,-0.253741,0,0,0
5,43,-0.255232,0,0,0
6,43,-0.257846,0,0,0
7,43,-0.258025,0,0,0
8,43,-0.258025,0,0,0
9,43,-0.255479,0,0,0
10,43,-0.258689,0,0,0
1,44,0.00402266,0,0,0
2,44,0.00540444,0,0,0
3,44,0.00421043,0,0,0
4,44,0.00129295,0,0,0
5,44,0.00132935,0,0,0
6,44,0.00281261,0,0,0
7,44,0.00241197,0,0,0
8,44,0.00408287,0,0,0
9,44,0.00307094,0,0,0
10,44,0.00205622,0,0,0
1,45,0.669953,0,0,0
2,45,0.668494,0,0,0
3,45,0.668494,0,0,0
4,45,0.66682,0,0,0
5,45,0.666668,0,0,0
6,45,0.666482,0,0,0
7,45,0.668065,0,0,0
8,45,0.669506,0,0,0
9,45,0.667077,0,0,0
10,45,0.665373,0,0,0
1,46,-0.666095,0,0,0
2,46,-0.666626,0,0,0
3,46,-0.667226,0,0,0
4,46,-0.663915,0,0,0
5,46,-0.6633,0,0,0
6,46,-0.666878,0,0,0
7,46,-0.667083,0,0,0
8,46,-0.668294,0,0,0
9,46,-0.664681,0,0,0
10,46,-0.665877,0,0,0
1,47,-1.06621,0,0,0
2,47,-1.06836,0,0,0
3,47,-1.06705,0,0,0
4,47,-1.06484,0,0,0
5,47,-1.06605,0,0,0
6,47,-1.06639,0,0,0
7,47,-1.06639,0,0,0
8,47,-1.06639,0,0,0
9,47,-1.06679,0,0,0
10,47,-1.06844,0,0,0
1,48,-0.232057,0,0,0
2,48,-0.226752,0,0,0
3,48,-0.22938,0,0,0
4,48,-0.227669,0,0,0
5,48,-0.227274,0,0,0
6,48,-0.225299,0,0,0
7,48,-0.229334,0,0,0
8,48,-0.228769,0,0,0
9,48,-0.22604,0,0,0
10,48,-0.22486,0,0,0
1,49,-0.144201,0,0,0
2,49,-0.146683,0,0,0
3,49,-0.145173,0,0,0
4,49,-0.145827,0,0,0
5,49,-0.14559,0,0,0
6,49,-0.149109,0,0,0
7,49,-0.148285,0,0,0
8,49,-0.145166,0,0,0
9,49,-0.146405,0,0,0
10,49,-0.14531,0,0,0
1,50,0.863781,0,0,0
2,50,0.861644,0,0,0
3,50,0.86516,0,0,0
4,50,0.863834,0,0,0
5,50,0.863862,0,0,0
6,50,0.863373,0,0,0
7,50,0.861558,0,0,0
8,50,0.86318,0,0,0
9,50,0.864094,0,0,0
10,50,0.86132,0,0,0
