rep,id,p1,p2,alpha1,alpha2
1,1,3.19351,1,0.5,-0.3
2,1,3.1941,1,0.5,-0.3
3,1,3.19141,1,0.5,-0.3
4,1,3.19156,1,0.5,-0.3
5,1,3.19452,1,0.5,-0.3
6,1,3.19496,1,0.5,-0.3
7,1,3.19501,1,0.5,-0.3
8,1,3.19441,1,0.5,-0.3
9,1,3.19492,1,0.5,-0.3
10,1,3.19272,1,0.5,-0.3
1,2,3.63356,1,0.5,-0.3
2,2,3.63232,1,0.5,-0.3
3,2,3.63172,1,0.5,-0.3
4,2,3.6324,1,0.5,-0.3
5,2,3.63329,1,0.5,-0.3
6,2,3.63483,1,0.5,-0.3
7,2,3.63579,1,0.5,-0.3
8,2,3.6331,1,0.5,-0.3
9,2,3.63257,1,0.5,-0.3
10,2,3.63271,1,0.5,-0.3
1,3,2.79841,1,0.5,-0.3
2,3,2.79669,1,0.5,-0.3
3,3,2.79429,1,0.5,-0.3
4,3,2.79418,1,0.5,-0.3
5,3,2.79418,1,0.5,-0.3
6,3,2.79394,1,0.5,-0.3
7,3,2.79399,1,0.5,-0.3
8,3,2.79415,1,0.5,-0.3
9,3,2.79653,1,0.5,-0.3
10,3,2.79653,1,0.5,-0.3
1,4,4.30313,1,0.5,-0.3
2,4,4.3036,1,0.5,-0.3
3,4,4.30174,1,0.5,-0.3
4,4,4.30461,1,0.5,-0.3
5,4,4.30503,1,0.5,-0.3
6,4,4.30235,1,0.5,-0.3
7,4,4.30394,1,0.5,-0.3
8,4,4.30394,1,0.5,-0.3
9,4,4.30411,1,0.5,-0.3
10,4,4.3038,1,0.5,-0.3
1,5,2.62405,1,0.5,-0.3
2,5,2.62342,1,0.5,-0.3
3,5,2.62037,1,0.5,-0.3
4,5,2.62078,1,0.5,-0.3
5,5,2.61874,1,0.5,-0.3
6,5,2.62438,1,0.5,-0.3
7,5,2.62021,1,0.5,-0.3
8,5,2.62231,1,0.5,-0.3
9,5,2.62144,1,0.5,-0.3
10,5,2.62225,1,0.5,-0.3
1,6,3.05053,1,0.5,-0.3
2,6,3.054,1,0.5,-0.3
3,6,3.05132,1,0.5,-0.3
4,6,3.05188,1,0.5,-0.3
5,6,3.0526,1,0.5,-0.3
6,6,3.05144,1,0.5,-0.3
7,6,3.05178,1,0.5,-0.3
8,6,3.0523,1,0.5,-0.3
9,6,3.05172,1,0.5,-0.3
10,6,3.05378,1,0.5,-0.3
1,7,3.21473,1,0.5,-0.3
2,7,3.21388,1,0.5,-0.3
3,7,3.21694,1,0.5,-0.3
4,7,3.21677,1,0.5,-0.3
5,7,3.21617,1,0.5,-0.3
6,7,3.21577,1,0.5,-0.3
7,7,3.21532,1,0.5,-0.3
8,7,3.21761,1,0.5,-0.3
9,7,3.21606,1,0.5,-0.3
10,7,3.21596,1,0.5,-0.3
1,8,3.22532,1,0.5,-0.3
2,8,3.2266,1,0.5,-0.3
3,8,3.22295,1,0.5,-0.3
4,8,3.22755,1,0.5,-0.3
5,8,3.22845,1,0.5,-0.3
6,8,3.22595,1,0.5,-0.3
7,8,3.22478,1,0.5,-0.3
8,8,3.22538,1,0.5,-0.3
9,8,3.22482,1,0.5,-0.3
10,8,3.22482,1,0.5,-0.3
1,9,1.01442,1,0.5,-0.3
2,9,1.01539,1,0.5,-0.3
3,9,1.01539,1,0.5,-0.3
4,9,1.01651,1,0.5,-0.3
5,9,1.01448,1,0.5,-0.3
6,9,1.01396,1,0.5,-0.3
7,9,1.01664,1,0.5,-0.3
8,9,1.01611,1,0.5,-0.3
9,9,1.01549,1,0.5,-0.3
10,9,1.01561,1,0.5,-0.3
1,10,2.28197,1,0.5,-0.3
2,10,2.28052,1,0.5,-0.3
3,10,2.28386,1,0.5,-0.3
4,10,2.28065,1,0.5,-0.3
5,10,2.28086,1,0.5,-0.3
6,10,2.28527,1,0.5,-0.3
7,10,2.28382,1,0.5,-0.3
8,10,2.28019,1,0.5,-0.3
9,10,2.28063,1,0.5,-0.3
10,10,2.28187,1,0.5,-0.3
1,11,3.1453,1,0.5,-0.3
2,11,3.14408,1,0.5,-0.3
3,11,3.14379,1,0.5,-0.3
4,11,3.14484,1,0.5,-0.3
5,11,3.14689,1,0.5,-0.3
6,11,3.1439,1,0.5,-0.3
7,11,3.14543,1,0.5,-0.3
8,11,3.14872,1,0.5,-0.3
9,11,3.1487,1,0.5,-0.3
10,11,3.14906,1,0.5,-0.3
1,12,3.60326,1,0.5,-0.3
2,12,3.60187,1,0.5,-0.3
3,12,3.60363,1,0.5,-0.3
4,12,3.60203,1,0.5,-0.3
5,12,3.6038,1,0.5,-0.3
6,12,3.60084,1,0.5,-0.3
7,12,3.60372,1,0.5,-0.3
8,12,3.60306,1,0.5,-0.3
9,12,3.60407,1,0.5,-0.3
10,12,3.60342,1,0.5,-0.3
1,13,2.95923,1,0.5,-0.3
2,13,2.95975,1,0.5,-0.3
3,13,2.96193,1,0.5,-0.3
4,13,2.96031,1,0.5,-0.3
5,13,2.96024,1,0.5,-0.3
6,13,2.95868,1,0.5,-0.3
7,13,2.95868,1,0.5,-0.3
8,13,2.95939,1,0.5,-0.3
9,13,2.96205,1,0.5,-0.3
10,13,2.95917,1,0.5,-0.3
1,14,1.53904,1,0.5,-0.3
2,14,1.54521,1,0.5,-0.3
3,14,1.54348,1,0.5,-0.3
4,14,1.54278,1,0.5,-0.3
5,14,1.54487,1,0.5,-0.3
6,14,1.54188,1,0.5,-0.3
7,14,1.54296,1,0.5,-0.3
8,14,1.54331,1,0.5,-0.3
9,14,1.54386,1,0.5,-0.3
10,14,1.54234,1,0.5,-0.3
1,15,3.74052,1,0.5,-0.3
2,15,3.73961,1,0.5,-0.3
3,15,3.74004,1,0.5,-0.3
4,15,3.74068,1,0.5,-0.3
5,15,3.74293,1,0.5,-0.3
6,15,3.74247,1,0.5,-0.3
7,15,3.74362,1,0.5,-0.3
8,15,3.74356,1,0.5,-0.3
9,15,3.74173,1,0.5,-0.3
10,15,3.73968,1,0.5,-0.3
1,16,2.8536,1,0.5,-0.3
2,16,2.85163,1,0.5,-0.3
3,16,2.85494,1,0.5,-0.3
4,16,2.852,1,0.5,-0.3
5,16,2.85532,1,0.5,-0.3
6,16,2.85256,1,0.5,-0.3
7,16,2.8519,1,0.5,-0.3
8,16,2.85527,1,0.5,-0.3
9,16,2.85272,1,0.5,-0.3
10,16,2.85393,1,0.5,-0.3
1,17,4.08362,1,0.5,-0.3
2,17,4.08037,1,0.5,-0.3
3,17,4.08035,1,0.5,-0.3
4,17,4.08032,1,0.5,-0.3
5,17,4.07804,1,0.5,-0.3
6,17,4.08047,1,0.5,-0.3
7,17,4.08058,1,0.5,-0.3
8,17,4.08012,1,0.5,-0.3
9,17,4.07813,1,0.5,-0.3
10,17,4.08043,1,0.5,-0.3
1,18,3.71125,1,0.5,-0.3
2,18,3.71335,1,0.5,-0.3
3,18,3.71335,1,0.5,-0.3
4,18,3.70889,1,0.5,-0.3
5,18,3.71561,1,0.5,-0.3
6,18,3.7161,1,0.5,-0.3
7,18,3.71344,1,0.5,-0.3
8,18,3.71088,1,0.5,-0.3
9,18,3.71475,1,0.5,-0.3
10,18,3.71447,1,0.5,-0.3
1,19,2.72001,1,0.5,-0.3
2,19,2.72069,1,0.5,-0.3
3,19,2.72344,1,0.5,-0.3
4,19,2.72086,1,0.5,-0.3
5,19,2.7219,1,0.5,-0.3
6,19,2.72019,1,0.5,-0.3
7,19,2.72243,1,0.5,-0.3
8,19,2.7185,1,0.5,-0.3
9,19,2.72125,1,0.5,-0.3
10,19,2.72014,1,0.5,-0.3
1,20,2.29554,1,0.5,-0.3
2,20,2.29428,1,0.5,-0.3
3,20,2.29594,1,0.5,-0.3
4,20,2.29732,1,0.5,-0.3
5,20,2.29802,1,0.5,-0.3
6,20,2.29953,1,0.5,-0.3
7,20,2.29442,1,0.5,-0.3
8,20,2.29478,1,0.5,-0.3
9,20,2.29697,1,0.5,-0.3
10,20,2.29552,1,0.5,-0.3
1,21,2.51008,1,0.5,-0.3
2,21,2.5105,1,0.5,-0.3
3,21,2.50636,1,0.5,-0.3
4,21,2.50741,1,0.5,-0.3
5,21,2.50948,1,0.5,-0.3
6,21,2.50778,1,0.5,-0.3
7,21,2.50667,1,0.5,-0.3
8,21,2.5081,1,0.5,-0.3
9,21,2.50779,1,0.5,-0.3
10,21,2.507,1,0.5,-0.3
1,22,2.30772,1,0.5,-0.3
2,22,2.30727,1,0.5,-0.3
3,22,2.30825,1,0.5,-0.3
4,22,2.30875,1,0.5,-0.3
5,22,2.30796,1,0.5,-0.3
6,22,2.31079,1,0.5,-0.3
7,22,2.30998,1,0.5,-0.3
8,22,2.31316,1,0.5,-0.3
9,22,2.30999,1,0.5,-0.3
10,22,2.31017,1,0.5,-0.3
1,23,1.63909,1,0.5,-0.3
2,23,1.63963,1,0.5,-0.3
3,23,1.63923,1,0.5,-0.3
4,23,1.64107,1,0.5,-0.3
5,23,1.64029,1,0.5,-0.3
6,23,1.63838,1,0.5,-0.3
7,23,1.6381,1,0.5,-0.3
8,23,1.64087,1,0.5,-0.3
9,23,1.63686,1,0.5,-0.3
10,23,1.63993,1,0.5,-0.3
1,24,2.60409,1,0.5,-0.3
2,24,2.60086,1,0.5,-0.3
3,24,2.60675,1,0.5,-0.3
4,24,2.60105,1,0.5,-0.3
5,24,2.60344,1,0.5,-0.3
6,24,2.60344,1,0.5,-0.3
7,24,2.60596,1,0.5,-0.3
8,24,2.60645,1,0.5,-0.3
9,24,2.60672,1,0.5,-0.3
10,24,2.60378,1,0.5,-0.3
1,25,2.98581,1,0.5,-0.3
2,25,2.98184,1,0.5,-0.3
3,25,2.9865,1,0.5,-0.3
4,25,2.98203,1,0.5,-0.3
5,25,2.98536,1,0.5,-0.3
6,25,2.98296,1,0.5,-0.3
7,25,2.9852,1,0.5,-0.3
8,25,2.98577,1,0.5,-0.3
9,25,2.98392,1,0.5,-0.3
10,25,2.98587,1,0.5,-0.3
1,26,2.66098,1,0.5,-0.3
2,26,2.66166,1,0.5,-0.3
3,26,2.66145,1,0.5,-0.3
4,26,2.66372,1,0.5,-0.3
5,26,2.6604,1,0.5,-0.3
6,26,2.66391,1,0.5,-0.3
7,26,2.65917,1,0.5,-0.3
8,26,2.66004,1,0.5,-0.3
9,26,2.66153,1,0.5,-0.3
10,26,2.65979,1,0.5,-0.3
1,27,3.81576,1,0.5,-0.3
2,27,3.8178,1,0.5,-0.3
3,27,3.8174,1,0.5,-0.3
4,27,3.81572,1,0.5,-0.3
5,27,3.82059,1,0.5,-0.3
6,27,3.81883,1,0.5,-0.3
7,27,3.81811,1,0.5,-0.3
8,27,3.81893,1,0.5,-0.3
9,27,3.81909,1,0.5,-0.3
10,27,3.81667,1,0.5,-0.3
1,28,3.25344,1,0.5,-0.3
2,28,3.25574,1,0.5,-0.3
3,28,3.25484,1,0.5,-0.3
4,28,3.25581,1,0.5,-0.3
5,28,3.25394,1,0.5,-0.3
6,28,3.25334,1,0.5,-0.3
7,28,3.25361,1,0.5,-0.3
8,28,3.2559,1,0.5,-0.3
9,28,3.25333,1,0.5,-0.3
10,28,3.25351,1,0.5,-0.3
1,29,1.99327,1,0.5,-0.3
2,29,1.99105,1,0.5,-0.3
3,29,1.99393,1,0.5,-0.3
4,29,1.99293,1,0.5,-0.3
5,29,1.99097,1,0.5,-0.3
6,29,1.99455,1,0.5,-0.3
7,29,1.99026,1,0.5,-0.3
8,29,1.99237,1,0.5,-0.3
9,29,1.99059,1,0.5,-0.3
10,29,1.98803,1,0.5,-0.3
1,30,3.80923,1,0.5,-0.3
2,30,3.80653,1,0.5,-0.3
3,30,3.81008,1,0.5,-0.3
4,30,3.80854,1,0.5,-0.3
5,30,3.80848,1,0.5,-0.3
6,30,3.80681,1,0.5,-0.3
7,30,3.81027,1,0.5,-0.3
8,30,3.81035,1,0.5,-0.3
9,30,3.80501,1,0.5,-0.3
10,30,3.80732,1,0.5,-0.3
1,31,3.19767,1,0.5,-0.3
2,31,3.19767,1,0.5,-0.3
3,31,3.19926,1,0.5,-0.3
4,31,3.19658,1,0.5,-0.3
5,31,3.1975,1,0.5,-0.3
6,31,3.19931,1,0.5,-0.3
7,31,3.19643,1,0.5,-0.3
8,31,3.19675,1,0.5,-0.3
9,31,3.19896,1,0.5,-0.3
10,31,3.19683,1,0.5,-0.3
1,32,3.10065,1,0.5,-0.3
2,32,3.10211,1,0.5,-0.3
3,32,3.10013,1,0.5,-0.3
4,32,3.10207,1,0.5,-0.3
5,32,3.10282,1,0.5,-0.3
6,32,3.10228,1,0.5,-0.3
7,32,3.10228,1,0.5,-0.3
8,32,3.10312,1,0.5,-0.3
9,32,3.10271,1,0.5,-0.3
10,32,3.10061,1,0.5,-0.3
1,33,2.53631,1,0.5,-0.3
2,33,2.53756,1,0.5,-0.3
3,33,2.53568,1,0.5,-0.3
4,33,2.53594,1,0.5,-0.3
5,33,2.53594,1,0.5,-0.3
6,33,2.53684,1,0.5,-0.3
7,33,2.53843,1,0.5,-0.3
8,33,2.53727,1,0.5,-0.3
9,33,2.53511,1,0.5,-0.3
10,33,2.53781,1,0.5,-0.3
1,34,2.02937,1,0.5,-0.3
2,34,2.02937,1,0.5,-0.3
3,34,2.02843,1,0.5,-0.3
4,34,2.02973,1,0.5,-0.3
5,34,2.03096,1,0.5,-0.3
6,34,2.03163,1,0.5,-0.3
7,34,2.02932,1,0.5,-0.3
8,34,2.02859,1,0.5,-0.3
9,34,2.02945,1,0.5,-0.3
10,34,2.03076,1,0.5,-0.3
1,35,4.26489,1,0.5,-0.3
2,35,4.26508,1,0.5,-0.3
3,35,4.26598,1,0.5,-0.3
4,35,4.26687,1,0.5,-0.3
5,35,4.26572,1,0.5,-0.3
6,35,4.26778,1,0.5,-0.3
7,35,4.26784,1,0.5,-0.3
8,35,4.27036,1,0.5,-0.3
9,35,4.27121,1,0.5,-0.3
10,35,4.26785,1,0.5,-0.3
1,36,2.56826,1,0.5,-0.3
2,36,2.56606,1,0.5,-0.3
3,36,2.56606,1,0.5,-0.3
4,36,2.56731,1,0.5,-0.3
5,36,2.5669,1,0.5,-0.3
6,36,2.56746,1,0.5,-0.3
7,36,2.56749,1,0.5,-0.3
8,36,2.56739,1,0.5,-0.3
9,36,2.56634,1,0.5,-0.3
10,36,2.57102,1,0.5,-0.3
1,37,2.52196,1,0.5,-0.3
2,37,2.52142,1,0.5,-0.3
3,37,2.52138,1,0.5,-0.3
4,37,2.52097,1,0.5,-0.3
5,37,2.51837,1,0.5,-0.3
6,37,2.52051,1,0.5,-0.3
7,37,2.52095,1,0.5,-0.3
8,37,2.52134,1,0.5,-0.3
9,37,2.52038,1,0.5,-0.3
10,37,2.52038,1,0.5,-0.3
1,38,3.68278,1,0.5,-0.3
2,38,3.68017,1,0.5,-0.3
3,38,3.68147,1,0.5,-0.3
4,38,3.68282,1,0.5,-0.3
5,38,3.68134,1,0.5,-0.3
6,38,3.6816,1,0.5,-0.3
7,38,3.68156,1,0.5,-0.3
8,38,3.67974,1,0.5,-0.3
9,38,3.68248,1,0.5,-0.3
10,38,3.68278,1,0.5,-0.3
1,39,3.75071,1,0.5,-0.3
2,39,3.75214,1,0.5,-0.3
3,39,3.74969,1,0.5,-0.3
4,39,3.75005,1,0.5,-0.3
5,39,3.74852,1,0.5,-0.3
6,39,3.75175,1,0.5,-0.3
7,39,3.74963,1,0.5,-0.3
8,39,3.75189,1,0.5,-0.3
9,39,3.74921,1,0.5,-0.3
10,39,3.74957,1,0.5,-0.3
1,40,2.69787,1,0.5,-0.3
2,40,2.69846,1,0.5,-0.3
3,40,2.69424,1,0.5,-0.3
4,40,2.70004,1,0.5,-0.3
5,40,2.69532,1,0.5,-0.3
6,40,2.69527,1,0.5,-0.3
7,40,2.69634,1,0.5,-0.3
8,40,2.69614,1,0.5,-0.3
9,40,2.69456,1,0.5,-0.3
10,40,2.6992,1,0.5,-0.3
1,41,3.83224,1,0.5,-0.3
2,41,3.83075,1,0.5,-0.3
3,41,3.83202,1,0.5,-0.3
4,41,3.83151,1,0.5,-0.3
5,41,3.83142,1,0.5,-0.3
6,41,3.82956,1,0.5,-0.3
7,41,3.82775,1,0.5,-0.3
8,41,3.83242,1,0.5,-0.3
9,41,3.82868,1,0.5,-0.3
10,41,3.83016,1,0.5,-0.3
1,42,3.029,1,0.5,-0.3
2,42,3.02794,1,0.5,-0.3
3,42,3.02963,1,0.5,-0.3
4,42,3.02856,1,0.5,-0.3
5,42,3.02691,1,0.5,-0.3
6,42,3.02994,1,0.5,-0.3
7,42,3.02716,1,0.5,-0.3
8,42,3.02538,1,0.5,-0.3
9,42,3.03059,1,0.5,-0.3
10,42,3.02739,1,0.5,-0.3
1,43,2.7453,1,0.5,-0.3
2,43,2.74306,1,0.5,-0.3
3,43,2.74101,1,0.5,-0.3
4,43,2.74626,1,0.5,-0.3
5,43,2.74477,1,0.5,-0.3
6,43,2.74215,1,0.5,-0.3
7,43,2.74197,1,0.5,-0.3
8,43,2.74197,1,0.5,-0.3
9,43,2.74452,1,0.5,-0.3
10,43,2.74131,1,0.5,-0.3
1,44,3.00402,1,0.5,-0.3
2,44,3.0054,1,0.5,-0.3
3,44,3.00421,1,0.5,-0.3
4,44,3.00129,1,0.5,-0.3
5,44,3.00133,1,0.5,-0.3
6,44,3.00281,1,0.5,-0.3
7,44,3.00241,1,0.5,-0.3
8,44,3.00408,1,0.5,-0.3
9,44,3.00307,1,0.5,-0.3
10,44,3.00206,1,0.5,-0.3
1,45,3.66995,1,0.5,-0.3
2,45,3.66849,1,0.5,-0.3
3,45,3.66849,1,0.5,-0.3
4,45,3.66682,1,0.5,-0.3
5,45,3.66667,1,0.5,-0.3
6,45,3.66648,1,0.5,-0.3
7,45,3.66807,1,0.5,-0.3
8,45,3.66951,1,0.5,-0.3
9,45,3.66708,1,0.5,-0.3
10,45,3.66537,1,0.5,-0.3
1,46,2.33391,1,0.5,-0.3
2,46,2.33337,1,0.5,-0.3
3,46,2.33277,1,0.5,-0.3
4,46,2.33609,1,0.5,-0.3
5,46,2.3367,1,0.5,-0.3
6,46,2.33312,1,0.5,-0.3
7,46,2.33292,1,0.5,-0.3
8,46,2.33171,1,0.5,-0.3
9,46,2.33532,1,0.5,-0.3
10,46,2.33412,1,0.5,-0.3
1,47,1.93379,1,0.5,-0.3
2,47,1.93164,1,0.5,-0.3
3,47,1.93295,1,0.5,-0.3
4,47,1.93516,1,0.5,-0.3
5,47,1.93395,1,0.5,-0.3
6,47,1.93361,1,0.5,-0.3
7,47,1.93361,1,0.5,-0.3
8,47,1.93361,1,0.5,-0.3
9,47,1.93321,1,0.5,-0.3
10,47,1.93156,1,0.5,-0.3
1,48,2.76794,1,0.5,-0.3
2,48,2.77325,1,0.5,-0.3
3,48,2.77062,1,0.5,-0.3
4,48,2.77233,1,0.5,-0.3
5,48,2.77273,1,0.5,-0.3
6,48,2.7747,1,0.5,-0.3
7,48,2.77067,1,0.5,-0.3
8,48,2.77123,1,0.5,-0.3
9,48,2.77396,1,0.5,-0.3
10,48,2.77514,1,0.5,-0.3
1,49,2.8558,1,0.5,-0.3
2,49,2.85332,1,0.5,-0.3
3,49,2.85483,1,0.5,-0.3
4,49,2.85417,1,0.5,-0.3
5,49,2.85441,1,0.5,-0.3
6,49,2.85089,1,0.5,-0.3
7,49,2.85171,1,0.5,-0.3
8,49,2.85483,1,0.5,-0.3
9,49,2.85359,1,0.5,-0.3
10,49,2.85469,1,0.5,-0.3
1,50,3.86378,1,0.5,-0.3
2,50,3.86164,1,0.5,-0.3
3,50,3.86516,1,0.5,-0.3
4,50,3.86383,1,0.5,-0.3
5,50,3.86386,1,0.5,-0.3
6,50,3.86337,1,0.5,-0.3
7,50,3.86156,1,0.5,-0.3
8,50,3.86318,1,0.5,-0.3
9,50,3.86409,1,0.5,-0.3
10,50,3.86132,1,0.5,-0.3
