id,delta_S_SAEM,phi_S_SAEM,delta_AB_SAEM,alpha_11_SAEM,alpha_12_SAEM,alpha_13_SAEM,alpha_14_SAEM,alpha_15_SAEM,delta_S_mean,phi_S_mean,delta_AB_mean,alpha_11_mean,alpha_12_mean,alpha_13_mean,alpha_14_mean,alpha_15_mean,delta_S_sd,phi_S_sd,delta_AB_sd,alpha_11_sd,alpha_12_sd,alpha_13_sd,alpha_14_sd,alpha_15_sd
1,0.23972,254.884,0.0270304,0.101497,0,0,0,0,0.235551,257.41,0.0271141,0.101409,0,0,0,0,0.01191,51.8261,0.00114188,0,0,0,0,0
2,0.24195,474.457,0.0299271,0.101497,0,0,0,0,0.242071,511.113,0.0302118,0.101409,0,0,0,0,0.0149277,100.069,0.00102824,0,0,0,0,0
3,0.236365,322.335,0.0231559,0.101497,0,0,0,0,0.238724,325.489,0.0229843,0.101409,0,0,0,0,0.0147888,63.0352,0.00109336,0,0,0,0,0
4,0.237388,732.474,0.039855,0.101497,0,0,0,0,0.24297,773.139,0.0400582,0.101409,0,0,0,0,0.0145422,154.161,0.00102627,0,0,0,0,0
5,0.243297,793.745,0.0239756,0.101497,0,0,0,0,0.24385,744.2,0.0236232,0.101409,0,0,0,0,0.0133909,129.723,0.00101333,0,0,0,0,0
6,0.247828,167.479,0.0283525,0.101497,0,0,0,0,0.249783,164.356,0.028186,0.101409,0,0,0,0,0.015907,41.0158,0.00105465,0,0,0,0,0
7,0.245052,889.748,0.028197,0.101497,0,0,0,0,0.242733,850.554,0.0281706,0.101409,0,0,0,0,0.0125072,142.979,0.00103463,0,0,0,0,0
8,0.23597,656.764,0.0267193,0.101497,0,0,0,0,0.241503,700.264,0.0269969,0.101409,0,0,0,0,0.0158195,128.618,0.00090787,0,0,0,0,0
9,0.244836,339.414,0.0122952,0.101497,0,0,0,0,0.2404,330.424,0.0121332,0.101409,0,0,0,0,0.0141593,68.5421,0.000942374,0,0,0,0,0
10,0.241372,761.804,0.0182908,0.101497,0,0,0,0,0.23921,779.805,0.0184817,0.101409,0,0,0,0,0.0127662,118.921,0.00088455,0,0,0,0,0
11,0.234638,1741.84,0.0240756,0.101497,0,0,0,0,0.233242,1819.52,0.0243322,0.101409,0,0,0,0,0.0132432,313.753,0.00104549,0,0,0,0,0
12,0.24151,1202.4,0.0312911,0.101497,0,0,0,0,0.243003,1171.83,0.0312415,0.101409,0,0,0,0,0.0163766,226.45,0.00114915,0,0,0,0,0
13,0.241374,928.957,0.0250268,0.101497,0,0,0,0,0.242644,945.465,0.0249298,0.101409,0,0,0,0,0.0147827,162.979,0.000997941,0,0,0,0,0
14,0.243162,796.758,0.0145118,0.101497,0,0,0,0,0.238776,749.847,0.0142859,0.101409,0,0,0,0,0.014565,147.976,0.00103629,0,0,0,0,0
15,0.24491,387.977,0.0323641,0.101497,0,0,0,0,0.243736,364.052,0.0321078,0.101409,0,0,0,0,0.015711,80.0285,0.000958851,0,0,0,0,0
16,0.23786,338.261,0.0220278,0.101497,0,0,0,0,0.23658,320.785,0.0219367,0.101409,0,0,0,0,0.0115914,55.1218,0.00110517,0,0,0,0,0
17,0.239035,457.8,0.0382811,0.101497,0,0,0,0,0.239202,470.423,0.0382806,0.101409,0,0,0,0,0.0149293,90.9987,0.000939804,0,0,0,0,0
18,0.236365,1940.96,0.0314854,0.101497,0,0,0,0,0.237826,1979.99,0.0314897,0.101409,0,0,0,0,0.0124934,308.94,0.000923971,0,0,0,0,0
19,0.239758,973.441,0.0223571,0.101497,0,0,0,0,0.241803,968.609,0.0223247,0.101409,0,0,0,0,0.0138724,163.504,0.000818479,0,0,0,0,0
20,0.242112,294.771,0.0186489,0.101497,0,0,0,0,0.239474,290.524,0.0186773,0.101409,0,0,0,0,0.0168161,57.7958,0.00106112,0,0,0,0,0
21,0.243888,537.209,0.0228347,0.101497,0,0,0,0,0.24658,522.726,0.0226384,0.101409,0,0,0,0,0.0146201,102.12,0.00100707,0,0,0,0,0
22,0.238527,568.931,0.0179396,0.101497,0,0,0,0,0.240636,534.479,0.0175318,0.101409,0,0,0,0,0.0142093,85.0536,0.000890051,0,0,0,0,0
23,0.237869,386.659,0.0155411,0.101497,0,0,0,0,0.241928,394.812,0.0154517,0.101409,0,0,0,0,0.0111249,73.512,0.00089743,0,0,0,0,0
24,0.24156,447.689,0.0219147,0.101497,0,0,0,0,0.240852,449.961,0.0217286,0.101409,0,0,0,0,0.0139888,86.0272,0.000975103,0,0,0,0,0
25,0.237748,515.956,0.0256736,0.101497,0,0,0,0,0.239415,492.345,0.0251875,0.101409,0,0,0,0,0.0150041,77.2793,0.00103361,0,0,0,0,0
26,0.238491,369.486,0.0220926,0.101497,0,0,0,0,0.240386,342.99,0.0216543,0.101409,0,0,0,0,0.012969,71.8829,0.00115302,0,0,0,0,0
27,0.24139,325.13,0.0341327,0.101497,0,0,0,0,0.245509,350.195,0.0342559,0.101409,0,0,0,0,0.0150288,65.6753,0.00105122,0,0,0,0,0
28,0.246407,383.432,0.0264352,0.101497,0,0,0,0,0.242184,402.477,0.0266985,0.101409,0,0,0,0,0.0123923,54.4855,0.000914355,0,0,0,0,0
29,0.245034,357.617,0.0160662,0.101497,0,0,0,0,0.243961,358.435,0.0160328,0.101409,0,0,0,0,0.0128101,78.5026,0.00111077,0,0,0,0,0
30,0.24164,2095.04,0.0347658,0.101497,0,0,0,0,0.234805,2011.15,0.0348851,0.101409,0,0,0,0,0.0139044,425.195,0.00120673,0,0,0,0,0
31,0.240949,615.227,0.0270205,0.101497,0,0,0,0,0.243735,634.482,0.0271405,0.101409,0,0,0,0,0.0167209,103.98,0.00102644,0,0,0,0,0
32,0.244894,393.623,0.0256743,0.101497,0,0,0,0,0.243655,403.669,0.0258073,0.101409,0,0,0,0,0.0112144,76.1003,0.0010198,0,0,0,0,0
33,0.241139,219.086,0.0217064,0.101497,0,0,0,0,0.238726,222.448,0.0216805,0.101409,0,0,0,0,0.013458,46.1349,0.000972132,0,0,0,0,0
34,0.235511,1300.34,0.0181313,0.101497,0,0,0,0,0.235249,1300.77,0.0180958,0.101409,0,0,0,0,0.0147906,259.11,0.00121925,0,0,0,0,0
35,0.244923,624.81,0.0406886,0.101497,0,0,0,0,0.242379,551.024,0.0400062,0.101409,0,0,0,0,0.0131554,88.9052,0.00111,0,0,0,0,0
36,0.245956,413.358,0.0228029,0.101497,0,0,0,0,0.244994,422.538,0.0229236,0.101409,0,0,0,0,0.0126854,75.3599,0.00104745,0,0,0,0,0
37,0.243198,335.828,0.0209207,0.101497,0,0,0,0,0.240047,339.123,0.0209468,0.101409,0,0,0,0,0.0135562,56.641,0.000919947,0,0,0,0,0
38,0.243567,127.866,0.0330281,0.101497,0,0,0,0,0.242365,133.696,0.0330802,0.101409,0,0,0,0,0.0141925,29.446,0.00110173,0,0,0,0,0
39,0.242652,802.001,0.0325146,0.101497,0,0,0,0,0.240071,784.211,0.0325768,0.101409,0,0,0,0,0.014002,151.631,0.000902392,0,0,0,0,0
40,0.240498,1092.84,0.0225543,0.101497,0,0,0,0,0.241657,1163.85,0.0230566,0.101409,0,0,0,0,0.0123449,213.343,0.00096065,0,0,0,0,0
41,0.242411,253.469,0.0337757,0.101497,0,0,0,0,0.24391,255.299,0.0336465,0.101409,0,0,0,0,0.0144962,47.6728,0.000831655,0,0,0,0,0
42,0.241308,362.189,0.0252826,0.101497,0,0,0,0,0.240529,366.793,0.0252691,0.101409,0,0,0,0,0.0159635,78.3902,0.0010377,0,0,0,0,0
43,0.245197,564.007,0.0208774,0.101497,0,0,0,0,0.244018,537.018,0.0206278,0.101409,0,0,0,0,0.0130784,113.616,0.00117527,0,0,0,0,0
44,0.245658,667.987,0.0249415,0.101497,0,0,0,0,0.245558,667.072,0.0250867,0.101409,0,0,0,0,0.0130798,118.946,0.000995547,0,0,0,0,0
45,0.235876,1228.56,0.0311414,0.101497,0,0,0,0,0.237264,1187.77,0.0309559,0.101409,0,0,0,0,0.0154567,253.36,0.00123272,0,0,0,0,0
46,0.242166,1268.37,0.0208943,0.101497,0,0,0,0,0.237928,1198.67,0.020584,0.101409,0,0,0,0,0.0133121,226.908,0.0011124,0,0,0,0,0
47,0.243312,466.326,0.0172199,0.101497,0,0,0,0,0.243603,453.818,0.0171364,0.101409,0,0,0,0,0.015016,98.2045,0.00109466,0,0,0,0,0
48,0.242678,574.418,0.0233308,0.101497,0,0,0,0,0.236344,559.208,0.0232717,0.101409,0,0,0,0,0.0124921,89.8258,0.000851106,0,0,0,0,0
49,0.240222,624.575,0.0224143,0.101497,0,0,0,0,0.238497,639.675,0.0225337,0.101409,0,0,0,0,0.01191,128.454,0.00100898,0,0,0,0,0
50,0.239864,772.156,0.0346293,0.101497,0,0,0,0,0.235256,767.973,0.0346561,0.101409,0,0,0,0,0.012844,152.544,0.00105324,0,0,0,0,0
51,0.236279,1280.54,0.028256,0.101497,0,0,0,0,0.236783,1273.29,0.0280251,0.101409,0,0,0,0,0.0126702,227.002,0.00103434,0,0,0,0,0
52,0.240565,1164.11,0.0258137,0.101497,0,0,0,0,0.241729,1105.11,0.0255206,0.101409,0,0,0,0,0.0130454,186.3,0.00102066,0,0,0,0,0
53,0.240154,1588.1,0.0232474,0.101497,0,0,0,0,0.243638,1578.06,0.0229617,0.101409,0,0,0,0,0.0128703,267.322,0.000995723,0,0,0,0,0
54,0.244839,448.106,0.029083,0.101497,0,0,0,0,0.241009,427.629,0.0290337,0.101409,0,0,0,0,0.0130494,81.0878,0.000937586,0,0,0,0,0
55,0.248197,627.128,0.0316437,0.101497,0,0,0,0,0.245199,652.492,0.0318773,0.101409,0,0,0,0,0.0120976,116.313,0.00106829,0,0,0,0,0
56,0.240512,1871.79,0.0196585,0.101497,0,0,0,0,0.237345,1758.38,0.0194635,0.101409,0,0,0,0,0.0139214,342.127,0.000978506,0,0,0,0,0
57,0.243212,454.569,0.0295862,0.101497,0,0,0,0,0.244285,497.011,0.0299427,0.101409,0,0,0,0,0.0177544,102.221,0.00104279,0,0,0,0,0
58,0.243042,796.721,0.0552394,0.101497,0,0,0,0,0.242504,807.565,0.0553317,0.101409,0,0,0,0,0.0117708,116.013,0.000825175,0,0,0,0,0
59,0.240735,622.725,0.0280873,0.101497,0,0,0,0,0.238499,625.192,0.0281772,0.101409,0,0,0,0,0.0159235,127.963,0.0012242,0,0,0,0,0
60,0.237103,329.704,0.0167188,0.101497,0,0,0,0,0.235181,306.908,0.0164152,0.101409,0,0,0,0,0.0134391,51.5777,0.000890683,0,0,0,0,0
61,0.232525,1444.81,0.0201679,0.101497,0,0,0,0,0.232936,1603,0.0208218,0.101409,0,0,0,0,0.0130632,343.131,0.00107688,0,0,0,0,0
62,0.245299,610.729,0.0227772,0.101497,0,0,0,0,0.242893,626.535,0.0229815,0.101409,0,0,0,0,0.0149582,106.012,0.00101568,0,0,0,0,0
63,0.238519,2460.13,0.032636,0.101497,0,0,0,0,0.239177,2510.51,0.0329205,0.101409,0,0,0,0,0.0142674,406.523,0.00105658,0,0,0,0,0
64,0.240088,712.924,0.0191389,0.101497,0,0,0,0,0.243655,707.509,0.0189065,0.101409,0,0,0,0,0.0126181,111.875,0.000911078,0,0,0,0,0
65,0.238425,610.153,0.0263954,0.101497,0,0,0,0,0.241234,603.62,0.0263554,0.101409,0,0,0,0,0.0144677,108.07,0.00098838,0,0,0,0,0
66,0.244361,402.355,0.0238499,0.101497,0,0,0,0,0.245731,409.091,0.0239868,0.101409,0,0,0,0,0.0126359,72.5376,0.000912188,0,0,0,0,0
67,0.241968,584.264,0.0167859,0.101497,0,0,0,0,0.242977,579.045,0.0168366,0.101409,0,0,0,0,0.0152086,118.154,0.00111841,0,0,0,0,0
68,0.239836,500.633,0.0219886,0.101497,0,0,0,0,0.239029,539.788,0.0223319,0.101409,0,0,0,0,0.0155581,99.9841,0.000938004,0,0,0,0,0
69,0.241223,574.328,0.0351248,0.101497,0,0,0,0,0.242239,553.243,0.0349249,0.101409,0,0,0,0,0.0134349,99.2927,0.00117479,0,0,0,0,0
70,0.236968,1887.96,0.0261074,0.101497,0,0,0,0,0.237803,1864.53,0.0260924,0.101409,0,0,0,0,0.0144123,279.849,0.000895671,0,0,0,0,0
71,0.242413,389.203,0.030512,0.101497,0,0,0,0,0.239947,388.266,0.0306088,0.101409,0,0,0,0,0.0149602,74.2374,0.00116795,0,0,0,0,0
72,0.234515,625.954,0.0252244,0.101497,0,0,0,0,0.24214,701.822,0.0256501,0.101409,0,0,0,0,0.0138382,118.147,0.00106556,0,0,0,0,0
73,0.246574,681.28,0.0343455,0.101497,0,0,0,0,0.248797,752.753,0.0347839,0.101409,0,0,0,0,0.0121085,141.01,0.00109418,0,0,0,0,0
74,0.242418,784.967,0.0207844,0.101497,0,0,0,0,0.244311,737.446,0.0202997,0.101409,0,0,0,0,0.0170245,128.941,0.0009732,0,0,0,0,0
75,0.240664,290.018,0.0204222,0.101497,0,0,0,0,0.242964,260.696,0.0198087,0.101409,0,0,0,0,0.0144576,51.65,0.00111541,0,0,0,0,0
76,0.240641,321.67,0.0289746,0.101497,0,0,0,0,0.239432,316.71,0.0289058,0.101409,0,0,0,0,0.0153751,56.8547,0.000985414,0,0,0,0,0
77,0.243773,276.141,0.0246383,0.101497,0,0,0,0,0.243848,270.402,0.0245344,0.101409,0,0,0,0,0.0155445,51.0348,0.000978273,0,0,0,0,0
78,0.237924,1128.96,0.0287774,0.101497,0,0,0,0,0.237786,1192.18,0.0291369,0.101409,0,0,0,0,0.0143408,229.062,0.00104357,0,0,0,0,0
79,0.247213,708.647,0.033958,0.101497,0,0,0,0,0.242563,702.7,0.0339807,0.101409,0,0,0,0,0.0135321,143.119,0.000967843,0,0,0,0,0
80,0.242287,476.308,0.0270302,0.101497,0,0,0,0,0.242859,479.414,0.0270511,0.101409,0,0,0,0,0.0123014,110.961,0.0010982,0,0,0,0,0
81,0.24041,691.324,0.0159279,0.101497,0,0,0,0,0.235645,667.407,0.0158693,0.101409,0,0,0,0,0.0148687,120.325,0.00098962,0,0,0,0,0
82,0.240213,598.003,0.0293944,0.101497,0,0,0,0,0.240718,602.688,0.0292946,0.101409,0,0,0,0,0.0139339,110.573,0.000896485,0,0,0,0,0
83,0.240465,243.409,0.0423524,0.101497,0,0,0,0,0.242685,241.232,0.0420904,0.101409,0,0,0,0,0.0160166,53.867,0.00120505,0,0,0,0,0
84,0.239285,930.41,0.0263575,0.101497,0,0,0,0,0.238178,923.442,0.026468,0.101409,0,0,0,0,0.0147974,150.85,0.00108353,0,0,0,0,0
85,0.243529,378.621,0.0417356,0.101497,0,0,0,0,0.242832,409.182,0.0420866,0.101409,0,0,0,0,0.0118805,74.1061,0.00101746,0,0,0,0,0
86,0.241512,276.9,0.0202893,0.101497,0,0,0,0,0.245978,290.605,0.0203276,0.101409,0,0,0,0,0.0145019,60.8918,0.00115215,0,0,0,0,0
87,0.240823,1486.43,0.0258611,0.101497,0,0,0,0,0.239453,1534.94,0.0261483,0.101409,0,0,0,0,0.0134731,314.907,0.00129718,0,0,0,0,0
88,0.24343,948.23,0.0147519,0.101497,0,0,0,0,0.24227,963.456,0.0147786,0.101409,0,0,0,0,0.0145737,180.661,0.00101653,0,0,0,0,0
89,0.241892,419.16,0.015505,0.101497,0,0,0,0,0.240379,434.34,0.0158043,0.101409,0,0,0,0,0.0132481,93.4623,0.000992859,0,0,0,0,0
90,0.242017,402.183,0.0262519,0.101497,0,0,0,0,0.242318,398.425,0.0262257,0.101409,0,0,0,0,0.0108545,63.7261,0.000822994,0,0,0,0,0
91,0.240944,1032.56,0.0254756,0.101497,0,0,0,0,0.244741,1029.52,0.0253281,0.101409,0,0,0,0,0.0148814,151.594,0.000809436,0,0,0,0,0
92,0.238867,444.638,0.00947772,0.101497,0,0,0,0,0.239657,434.582,0.00944833,0.101409,0,0,0,0,0.0130825,72.2193,0.000843833,0,0,0,0,0
93,0.242232,442.842,0.0153012,0.101497,0,0,0,0,0.238866,430.382,0.0153292,0.101409,0,0,0,0,0.0129497,66.3569,0.000871717,0,0,0,0,0
94,0.23722,896.87,0.0231527,0.101497,0,0,0,0,0.24054,938.213,0.0232806,0.101409,0,0,0,0,0.0118699,165.839,0.000988003,0,0,0,0,0
95,0.242247,327.036,0.024942,0.101497,0,0,0,0,0.241434,319.206,0.0248229,0.101409,0,0,0,0,0.0131891,68.3498,0.00114986,0,0,0,0,0
96,0.245109,161.385,0.0200982,0.101497,0,0,0,0,0.246846,160.719,0.0201653,0.101409,0,0,0,0,0.0179966,36.7776,0.000981722,0,0,0,0,0
97,0.239655,1038.66,0.0474244,0.101497,0,0,0,0,0.237606,1061.78,0.0476132,0.101409,0,0,0,0,0.0112111,200.367,0.000867304,0,0,0,0,0
98,0.242001,299.262,0.0390086,0.101497,0,0,0,0,0.239216,279.983,0.0386725,0.101409,0,0,0,0,0.0115374,63.9271,0.00117362,0,0,0,0,0
99,0.238435,960.202,0.0247099,0.101497,0,0,0,0,0.239838,1005.08,0.0249663,0.101409,0,0,0,0,0.0154149,196.503,0.00126018,0,0,0,0,0
100,0.241564,680.397,0.023776,0.101497,0,0,0,0,0.239868,674.666,0.0236968,0.101409,0,0,0,0,0.0169679,91.3132,0.00101404,0,0,0,0,0
