id,eta_delta_S_SAEM,eta_phi_S_SAEM,eta_delta_AB_SAEM,eta_alpha_11_SAEM,eta_alpha_12_SAEM,eta_alpha_13_SAEM,eta_alpha_14_SAEM,eta_alpha_15_SAEM,eta_delta_S_mean,eta_phi_S_mean,eta_delta_AB_mean,eta_alpha_11_mean,eta_alpha_12_mean,eta_alpha_13_mean,eta_alpha_14_mean,eta_alpha_15_mean,eta_delta_S_sd,eta_phi_S_sd,eta_delta_AB_sd,eta_alpha_11_sd,eta_alpha_12_sd,eta_alpha_13_sd,eta_alpha_14_sd,eta_alpha_15_sd
1,-0.00645087,-0.840545,0.0829668,0,0,0,0,0,-0.0217858,-0.827815,0.0856583,0,0,0,0,0,0.0508809,0.195673,0.0421617,0,0,0,0,0
2,0.00259377,-0.215102,0.184888,0,0,0,0,0,0.00490436,-0.14117,0.194142,0,0,0,0,0,0.0617729,0.192505,0.0340904,0,0,0,0,0
3,-0.0213801,-0.605437,-0.0720318,0,0,0,0,0,-0.00905604,-0.592487,-0.079822,0,0,0,0,0,0.0624733,0.193322,0.0473326,0,0,0,0,0
4,-0.016646,0.223498,0.471763,0,0,0,0,0,0.0087174,0.271998,0.476495,0,0,0,0,0,0.0600182,0.195639,0.0256389,0,0,0,0,0
5,0.00832755,0.299209,-0.0374304,0,0,0,0,0,0.0126342,0.238474,-0.0522065,0,0,0,0,0,0.0546493,0.170471,0.0431552,0,0,0,0,0
6,0.0264626,-1.26256,0.130875,0,0,0,0,0,0.0361429,-1.28947,0.124603,0,0,0,0,0,0.0636678,0.258061,0.0379318,0,0,0,0,0
7,0.0153972,0.417185,0.125357,0,0,0,0,0,0.00823098,0.372606,0.124091,0,0,0,0,0,0.0509479,0.168471,0.0369425,0,0,0,0,0
8,-0.0224034,0.113614,0.0714419,0,0,0,0,0,0.00235548,0.175752,0.0816501,0,0,0,0,0,0.0645756,0.181438,0.0335371,0,0,0,0,0
9,0.0149311,-0.546276,-0.706836,0,0,0,0,0,-0.00183436,-0.580505,-0.720577,0,0,0,0,0,0.0584304,0.209598,0.077665,0,0,0,0,0
10,0.000626229,0.261076,-0.308509,0,0,0,0,0,-0.00649054,0.288676,-0.297885,0,0,0,0,0,0.0529741,0.148702,0.0482148,0,0,0,0,0
11,-0.027973,1.09417,-0.0328501,0,0,0,0,0,-0.0319493,1.13238,-0.0226326,0,0,0,0,0,0.0565515,0.172261,0.0429623,0,0,0,0,0
12,0.000749652,0.716794,0.229612,0,0,0,0,0,0.00837478,0.688896,0.227557,0,0,0,0,0,0.067543,0.190857,0.0369208,0,0,0,0,0
13,0.0003459,0.459464,0.00581978,0,0,0,0,0,0.00730462,0.477331,0.0017474,0,0,0,0,0,0.0612092,0.176106,0.0401972,0,0,0,0,0
14,0.00754341,0.298017,-0.541155,0,0,0,0,0,-0.00880004,0.241271,-0.556915,0,0,0,0,0,0.0620267,0.197667,0.0735514,0,0,0,0,0
15,0.0152263,-0.41726,0.263395,0,0,0,0,0,0.0115596,-0.483943,0.255145,0,0,0,0,0,0.0650692,0.20735,0.0298847,0,0,0,0,0
16,-0.0145911,-0.555803,-0.122004,0,0,0,0,0,-0.017331,-0.603445,-0.126626,0,0,0,0,0,0.048797,0.174867,0.0507022,0,0,0,0,0
17,-0.00926585,-0.252505,0.431378,0,0,0,0,0,-0.00706691,-0.222798,0.431135,0,0,0,0,0,0.062548,0.182549,0.0243804,0,0,0,0,0
18,-0.0205363,1.19441,0.235748,0,0,0,0,0,-0.0122549,1.21932,0.235717,0,0,0,0,0,0.052265,0.158218,0.0294983,0,0,0,0,0
19,-0.00685839,0.505603,-0.10692,0,0,0,0,0,0.00407204,0.50208,-0.108489,0,0,0,0,0,0.0568954,0.172726,0.0367362,0,0,0,0,0
20,0.00306977,-0.696185,-0.289045,0,0,0,0,0,-0.00640358,-0.707079,-0.287845,0,0,0,0,0,0.069417,0.198194,0.0577058,0,0,0,0,0
21,0.0108621,-0.0903368,-0.0860791,0,0,0,0,0,0.0235481,-0.120006,-0.094854,0,0,0,0,0,0.0582423,0.202714,0.0445691,0,0,0,0,0
22,-0.0113848,-0.0290129,-0.327646,0,0,0,0,0,-0.000917923,-0.090645,-0.350779,0,0,0,0,0,0.0600585,0.160691,0.0506476,0,0,0,0,0
23,-0.0143501,-0.419186,-0.471891,0,0,0,0,0,0.00515903,-0.398103,-0.477484,0,0,0,0,0,0.0459653,0.18695,0.0582771,0,0,0,0,0
24,0.00122607,-0.270004,-0.126998,0,0,0,0,0,6.53717e-05,-0.268955,-0.135883,0,0,0,0,0,0.0582514,0.197391,0.0447945,0,0,0,0,0
25,-0.0151485,-0.126901,0.0315657,0,0,0,0,0,-0.00614579,-0.172271,0.011995,0,0,0,0,0,0.0616812,0.156927,0.0411502,0,0,0,0,0
26,-0.0115872,-0.464923,-0.119166,0,0,0,0,0,-0.0016316,-0.543803,-0.139755,0,0,0,0,0,0.0539405,0.213313,0.0541196,0,0,0,0,0
27,-0.000201834,-0.593994,0.316533,0,0,0,0,0,0.0190541,-0.518102,0.31988,0,0,0,0,0,0.0608603,0.186645,0.0305759,0,0,0,0,0
28,0.0211542,-0.423139,0.0608218,0,0,0,0,0,0.00595751,-0.370826,0.0705036,0,0,0,0,0,0.0514431,0.137302,0.0345938,0,0,0,0,0
29,0.0153463,-0.499737,-0.438325,0,0,0,0,0,0.0132005,-0.5011,-0.441287,0,0,0,0,0,0.0527189,0.21888,0.0696285,0,0,0,0,0
30,0.000933489,1.27194,0.334936,0,0,0,0,0,-0.0254033,1.22428,0.337942,0,0,0,0,0,0.0587993,0.21686,0.0349961,0,0,0,0,0
31,-0.00184179,0.0460128,0.0826352,0,0,0,0,0,0.011323,0.0801902,0.0868018,0,0,0,0,0,0.0682855,0.164635,0.037855,0,0,0,0,0
32,0.0146518,-0.403229,0.031507,0,0,0,0,0,0.012277,-0.376421,0.0363766,0,0,0,0,0,0.0458296,0.190822,0.0392134,0,0,0,0,0
33,-0.00027087,-0.987565,-0.136558,0,0,0,0,0,-0.00868624,-0.977304,-0.138117,0,0,0,0,0,0.0561843,0.218125,0.0453249,0,0,0,0,0
34,-0.0244154,0.795622,-0.317109,0,0,0,0,0,-0.0237673,0.791496,-0.320078,0,0,0,0,0,0.0631886,0.201575,0.0668844,0,0,0,0,0
35,0.0148609,0.0642904,0.492484,0,0,0,0,0,0.00663412,-0.060488,0.475141,0,0,0,0,0,0.053499,0.162629,0.027738,0,0,0,0,0
36,0.018982,-0.351845,-0.0874088,0,0,0,0,0,0.0174543,-0.328743,-0.0823853,0,0,0,0,0,0.0522164,0.178426,0.0456937,0,0,0,0,0
37,0.00772904,-0.561014,-0.173599,0,0,0,0,0,-0.00317937,-0.546907,-0.172493,0,0,0,0,0,0.0564454,0.168838,0.0441522,0,0,0,0,0
38,0.00946816,-1.53264,0.283704,0,0,0,0,0,0.00631578,-1.48664,0.28487,0,0,0,0,0,0.0584101,0.212662,0.0333888,0,0,0,0,0
39,0.00590808,0.303456,0.26787,0,0,0,0,0,-0.0032072,0.287193,0.26971,0,0,0,0,0,0.0587854,0.191241,0.0275405,0,0,0,0,0
40,-0.00333381,0.623195,-0.0983827,0,0,0,0,0,0.0038243,0.683394,-0.0764345,0,0,0,0,0,0.050181,0.18506,0.0419831,0,0,0,0,0
41,0.00474102,-0.845081,0.305984,0,0,0,0,0,0.012587,-0.833526,0.302095,0,0,0,0,0,0.0600346,0.182398,0.0247107,0,0,0,0,0
42,0.000205926,-0.483443,0.016214,0,0,0,0,0,-0.00179824,-0.475903,0.0152255,0,0,0,0,0,0.0666741,0.205493,0.0412441,0,0,0,0,0
43,0.0159103,-0.0413266,-0.176029,0,0,0,0,0,0.0133885,-0.0960514,-0.188501,0,0,0,0,0,0.0534702,0.216558,0.0571399,0,0,0,0,0
44,0.0181043,0.126608,0.00243236,0,0,0,0,0,0.0196786,0.127473,0.00803586,0,0,0,0,0,0.0536787,0.181942,0.0398475,0,0,0,0,0
45,-0.0230569,0.740427,0.224825,0,0,0,0,0,-0.0153653,0.698946,0.218261,0,0,0,0,0,0.0650042,0.206857,0.0398349,0,0,0,0,0
46,0.00278129,0.77038,-0.174845,0,0,0,0,0,-0.012015,0.712234,-0.190461,0,0,0,0,0,0.0558164,0.186951,0.0541806,0,0,0,0,0
47,0.00847603,-0.234214,-0.368837,0,0,0,0,0,0.0112811,-0.262903,-0.374335,0,0,0,0,0,0.0601057,0.203933,0.0635993,0,0,0,0,0
48,0.00516951,-0.0216328,-0.0644616,0,0,0,0,0,-0.0185534,-0.045194,-0.0669461,0,0,0,0,0,0.0535034,0.157906,0.0368159,0,0,0,0,0
49,-0.00450773,0.0633798,-0.104431,0,0,0,0,0,-0.00931213,0.0828758,-0.0995087,0,0,0,0,0,0.049952,0.192248,0.0450402,0,0,0,0,0
50,-0.00585515,0.276985,0.331095,0,0,0,0,0,-0.0232445,0.265632,0.331504,0,0,0,0,0,0.0547806,0.19338,0.0302946,0,0,0,0,0
51,-0.0211053,0.780909,0.127438,0,0,0,0,0,-0.0167187,0.774185,0.118901,0,0,0,0,0,0.0538003,0.17986,0.0373279,0,0,0,0,0
52,-0.00318204,0.686004,0.0370044,0,0,0,0,0,0.00392943,0.634635,0.0251776,0,0,0,0,0,0.0541944,0.166797,0.0399703,0,0,0,0,0
53,-0.00512021,0.992244,-0.0681152,0,0,0,0,0,0.011834,0.990564,-0.0806235,0,0,0,0,0,0.0536911,0.168795,0.0434756,0,0,0,0,0
54,0.0145734,-0.272554,0.156318,0,0,0,0,0,0.000939954,-0.3191,0.154427,0,0,0,0,0,0.0543317,0.192278,0.0322316,0,0,0,0,0
55,0.0276232,0.0621372,0.240667,0,0,0,0,0,0.0184215,0.106629,0.24782,0,0,0,0,0,0.0496756,0.171677,0.0337031,0,0,0,0,0
56,-0.00320931,1.16135,-0.23593,0,0,0,0,0,-0.0146148,1.0946,-0.246232,0,0,0,0,0,0.0583141,0.191016,0.0502261,0,0,0,0,0
57,0.00790512,-0.257727,0.173488,0,0,0,0,0,0.0133033,-0.171326,0.185167,0,0,0,0,0,0.072093,0.203982,0.0350235,0,0,0,0,0
58,0.00720571,0.308346,0.798369,0,0,0,0,0,0.00740153,0.324425,0.799725,0,0,0,0,0,0.0490304,0.145352,0.0149733,0,0,0,0,0
59,-0.00248547,0.060845,0.121524,0,0,0,0,0,-0.010236,0.0586724,0.124071,0,0,0,0,0,0.065651,0.200406,0.0431134,0,0,0,0,0
60,-0.0173778,-0.577841,-0.398294,0,0,0,0,0,-0.0236891,-0.646574,-0.416788,0,0,0,0,0,0.0568293,0.167174,0.0546521,0,0,0,0,0
61,-0.037006,0.902345,-0.210523,0,0,0,0,0,-0.0332128,0.999111,-0.178844,0,0,0,0,0,0.0556337,0.204257,0.0517116,0,0,0,0,0
62,0.0165781,0.0378545,-0.0885805,0,0,0,0,0,0.00830807,0.0666025,-0.0797996,0,0,0,0,0,0.061434,0.171022,0.0442981,0,0,0,0,0
63,-0.0115711,1.43055,0.271717,0,0,0,0,0,-0.00699887,1.45629,0.280069,0,0,0,0,0,0.0596784,0.159582,0.0321455,0,0,0,0,0
64,-0.00498824,0.195876,-0.262829,0,0,0,0,0,0.0119833,0.190486,-0.275173,0,0,0,0,0,0.052016,0.154942,0.0483739,0,0,0,0,0
65,-0.0122285,0.0357721,0.0591888,0,0,0,0,0,0.00155126,0.0278238,0.0574662,0,0,0,0,0,0.0598765,0.178793,0.0372765,0,0,0,0,0
66,0.012587,-0.376992,-0.0423897,0,0,0,0,0,0.0204937,-0.35914,-0.0367243,0,0,0,0,0,0.0514338,0.162611,0.0379057,0,0,0,0,0
67,0.00316367,-0.00669431,-0.394881,0,0,0,0,0,0.0085827,-0.0175479,-0.392131,0,0,0,0,0,0.0626694,0.197454,0.0657837,0,0,0,0,0
68,-0.00608066,-0.155849,-0.1235,0,0,0,0,0,-0.0079733,-0.0847866,-0.108376,0,0,0,0,0,0.0655359,0.183709,0.0421084,0,0,0,0,0
69,-0.000339618,-0.0211307,0.345274,0,0,0,0,0,0.005919,-0.0597818,0.339124,0,0,0,0,0,0.056748,0.182564,0.0336322,0,0,0,0,0
70,-0.0181969,1.17193,0.0483455,0,0,0,0,0,-0.0128282,1.16018,0.047543,0,0,0,0,0,0.0609506,0.152246,0.0344326,0,0,0,0,0
71,0.00427847,-0.417006,0.20423,0,0,0,0,0,-0.00393793,-0.415123,0.207052,0,0,0,0,0,0.0621115,0.186919,0.0380458,0,0,0,0,0
72,-0.0283991,0.0635352,0.0138494,0,0,0,0,0,0.00546137,0.179449,0.0301689,0,0,0,0,0,0.0571005,0.177262,0.0417909,0,0,0,0,0
73,0.0217617,0.151698,0.322976,0,0,0,0,0,0.0330244,0.247139,0.335153,0,0,0,0,0,0.0488006,0.187112,0.031338,0,0,0,0,0
74,0.00454593,0.290062,-0.180349,0,0,0,0,0,0.0136582,0.227819,-0.204087,0,0,0,0,0,0.0683019,0.183367,0.0489712,0,0,0,0,0
75,-0.00268387,-0.705453,-0.197624,0,0,0,0,0,0.00874199,-0.814941,-0.228989,0,0,0,0,0,0.0589823,0.195558,0.056794,0,0,0,0,0
76,-0.00312606,-0.604895,0.152626,0,0,0,0,0,-0.00622368,-0.618391,0.149945,0,0,0,0,0,0.0644179,0.18949,0.0343984,0,0,0,0,0
77,0.0105427,-0.760723,-0.0097343,0,0,0,0,0,0.012122,-0.777886,-0.0142349,0,0,0,0,0,0.0629865,0.196229,0.0402145,0,0,0,0,0
78,-0.0140673,0.655484,0.145754,0,0,0,0,0,-0.0129188,0.706239,0.157861,0,0,0,0,0,0.0614952,0.19023,0.0355683,0,0,0,0,0
79,0.0243577,0.191043,0.311518,0,0,0,0,0,0.00729346,0.175356,0.311878,0,0,0,0,0,0.0555513,0.202243,0.0284781,0,0,0,0,0
80,0.00388338,-0.211855,0.0831555,0,0,0,0,0,0.00876696,-0.213144,0.083395,0,0,0,0,0,0.0508645,0.231029,0.0405497,0,0,0,0,0
81,-0.00366707,0.166545,-0.44695,0,0,0,0,0,-0.0220702,0.128294,-0.451074,0,0,0,0,0,0.0626733,0.178258,0.0625281,0,0,0,0,0
82,-0.00427523,0.0195052,0.166952,0,0,0,0,0,-0.000455924,0.0257029,0.163427,0,0,0,0,0,0.0574835,0.181471,0.0305235,0,0,0,0,0
83,-0.00307722,-0.881434,0.532525,0,0,0,0,0,0.00718277,-0.897561,0.525898,0,0,0,0,0,0.0656116,0.21983,0.0287499,0,0,0,0,0
84,-0.00844508,0.457206,0.0578136,0,0,0,0,0,-0.0113488,0.454988,0.0615909,0,0,0,0,0,0.0624657,0.169649,0.0408561,0,0,0,0,0
85,0.00937207,-0.444856,0.517774,0,0,0,0,0,0.00874281,-0.360891,0.525927,0,0,0,0,0,0.0492187,0.177387,0.024159,0,0,0,0,0
86,0.000856532,-0.751621,-0.204291,0,0,0,0,0,0.02111,-0.708638,-0.203156,0,0,0,0,0,0.0582592,0.206336,0.0571733,0,0,0,0,0
87,-0.00187643,0.927899,0.038697,0,0,0,0,0,-0.00567271,0.956163,0.0490439,0,0,0,0,0,0.0568883,0.204936,0.0496142,0,0,0,0,0
88,0.00862503,0.481253,-0.524287,0,0,0,0,0,0.00580512,0.494136,-0.52271,0,0,0,0,0,0.0605267,0.185552,0.0690944,0,0,0,0,0
89,0.00227334,-0.340742,-0.474359,0,0,0,0,0,-0.0017139,-0.308621,-0.455199,0,0,0,0,0,0.0548232,0.217032,0.0628257,0,0,0,0,0
90,0.00292272,-0.380848,0.0537705,0,0,0,0,0,0.00682074,-0.384422,0.0527411,0,0,0,0,0,0.0448932,0.160392,0.0312767,0,0,0,0,0
91,-0.00153281,0.564576,0.0236285,0,0,0,0,0,0.0159128,0.566924,0.0178904,0,0,0,0,0,0.0611821,0.146709,0.0320747,0,0,0,0,0
92,-0.0101114,-0.278611,-0.968937,0,0,0,0,0,-0.00470634,-0.298381,-0.971662,0,0,0,0,0,0.0546378,0.164703,0.089409,0,0,0,0,0
93,0.00400707,-0.283682,-0.487746,0,0,0,0,0,-0.00800519,-0.306249,-0.485393,0,0,0,0,0,0.0546471,0.153319,0.0575067,0,0,0,0,0
94,-0.0169655,0.423798,-0.0721834,0,0,0,0,0,-0.000750068,0.469413,-0.0667905,0,0,0,0,0,0.0492699,0.175524,0.0424402,0,0,0,0,0
95,0.00308797,-0.591144,0.00249486,0,0,0,0,0,0.00264089,-0.616153,-0.00281877,0,0,0,0,0,0.0556909,0.214196,0.0464718,0,0,0,0,0
96,0.0154835,-1.30431,-0.214101,0,0,0,0,0,0.0236702,-1.30465,-0.210738,0,0,0,0,0,0.0732564,0.223713,0.0488422,0,0,0,0,0
97,-0.00712818,0.569994,0.645738,0,0,0,0,0,-0.0128927,0.591269,0.649435,0,0,0,0,0,0.0463096,0.185649,0.0182445,0,0,0,0,0
98,0.00263034,-0.676318,0.450306,0,0,0,0,0,-0.00622939,-0.750109,0.441156,0,0,0,0,0,0.0485608,0.226785,0.0304471,0,0,0,0,0
99,-0.0118914,0.495808,-0.0066476,0,0,0,0,0,-0.00451413,0.53501,0.00274559,0,0,0,0,0,0.0641019,0.192726,0.0504585,0,0,0,0,0
100,0.000294332,0.151709,-0.045296,0,0,0,0,0,-0.00484852,0.145962,-0.0490889,0,0,0,0,0,0.071077,0.134911,0.0429061,0,0,0,0,0
