rep,id,eta_delta_S,eta_phi_S,eta_delta_AB,eta_alpha_11,eta_alpha_12,eta_alpha_13,eta_alpha_14,eta_alpha_15
1,1,-0.0236417,-0.737825,0.0668946,0,0,0,0,0
2,1,0.00626461,-0.975557,0.0356651,0,0,0,0,0
3,1,-0.0463707,-1.3886,0.0103643,0,0,0,0,0
4,1,-0.0609715,-0.79676,0.123209,0,0,0,0,0
5,1,-0.0166936,-0.789999,0.0779344,0,0,0,0,0
1,2,-0.0866152,-0.191445,0.164378,0,0,0,0,0
2,2,-0.0231279,-0.135898,0.223138,0,0,0,0,0
3,2,-0.00309084,-0.212704,0.169497,0,0,0,0,0
4,2,0.0836075,-0.281015,0.165853,0,0,0,0,0
5,2,0.00302101,-0.287585,0.223212,0,0,0,0,0
1,3,-0.0253488,-0.913863,-0.100838,0,0,0,0,0
2,3,-0.0653106,-0.495236,-0.0424958,0,0,0,0,0
3,3,-0.000975233,-0.769983,-0.0720865,0,0,0,0,0
4,3,0.0526788,-0.791628,-0.0758731,0,0,0,0,0
5,3,-0.148051,-0.364953,-0.0035793,0,0,0,0,0
1,4,-0.107054,0.358334,0.477559,0,0,0,0,0
2,4,-0.000424003,0.0162634,0.42768,0,0,0,0,0
3,4,0.140926,0.690502,0.510257,0,0,0,0,0
4,4,-0.0102133,0.109742,0.443689,0,0,0,0,0
5,4,-0.122533,0.136674,0.487711,0,0,0,0,0
1,5,-0.0170843,0.663801,0.0126873,0,0,0,0,0
2,5,-0.00463833,0.101787,-0.0342244,0,0,0,0,0
3,5,0.0537376,-9.46958e-05,-0.158957,0,0,0,0,0
4,5,-0.00113254,0.401068,-0.0324876,0,0,0,0,0
5,5,-0.0461325,0.085185,-0.0736237,0,0,0,0,0
1,6,0.120559,-0.92931,0.119969,0,0,0,0,0
2,6,0.091377,-1.03648,0.171852,0,0,0,0,0
3,6,0.0869815,-0.915691,0.158924,0,0,0,0,0
4,6,0.0787682,-1.10192,0.130426,0,0,0,0,0
5,6,0.0789713,-0.972688,0.155513,0,0,0,0,0
1,7,0.0224007,0.296224,0.148426,0,0,0,0,0
2,7,0.0261744,0.208051,0.0962643,0,0,0,0,0
3,7,0.0647489,0.53676,0.13738,0,0,0,0,0
4,7,0.110647,0.437185,0.116492,0,0,0,0,0
5,7,0.0811978,0.521853,0.148513,0,0,0,0,0
1,8,0.0517509,0.296106,0.0274355,0,0,0,0,0
2,8,-0.0593137,0.206097,0.093221,0,0,0,0,0
3,8,0.0502444,0.087019,0.0377144,0,0,0,0,0
4,8,-0.0303797,0.103965,0.0419649,0,0,0,0,0
5,8,-0.109579,0.153245,0.0887929,0,0,0,0,0
1,9,-0.0588727,-0.480489,-0.681777,0,0,0,0,0
2,9,0.0320299,-0.65772,-0.715388,0,0,0,0,0
3,9,-0.0380594,-0.913438,-0.728111,0,0,0,0,0
4,9,0.0165137,-0.620691,-0.768971,0,0,0,0,0
5,9,0.0272309,-0.305989,-0.680608,0,0,0,0,0
1,10,0.0498012,0.209094,-0.36802,0,0,0,0,0
2,10,-0.0456512,0.513278,-0.235001,0,0,0,0,0
3,10,0.101046,0.518769,-0.263281,0,0,0,0,0
4,10,0.0377477,0.295671,-0.271678,0,0,0,0,0
5,10,0.0677849,0.594112,-0.227822,0,0,0,0,0
1,11,0.0128098,1.21437,0.00200625,0,0,0,0,0
2,11,0.030979,1.24941,0.0199072,0,0,0,0,0
3,11,0.037643,1.34117,0.00688621,0,0,0,0,0
4,11,0.0333346,1.31691,0.00795188,0,0,0,0,0
5,11,-0.0450444,0.993604,-0.0662097,0,0,0,0,0
1,12,-0.000781874,0.883759,0.263263,0,0,0,0,0
2,12,-0.0818259,0.624401,0.267803,0,0,0,0,0
3,12,0.027141,0.500489,0.178955,0,0,0,0,0
4,12,0.0169873,1.0117,0.284162,0,0,0,0,0
5,12,-0.0436931,0.704495,0.248282,0,0,0,0,0
1,13,-0.034471,0.242656,0.0369764,0,0,0,0,0
2,13,0.0274527,0.589812,0.0142038,0,0,0,0,0
3,13,-0.00784028,0.145858,-0.0230596,0,0,0,0,0
4,13,-0.0289476,0.738696,0.035542,0,0,0,0,0
5,13,-0.0852059,0.517499,0.0330474,0,0,0,0,0
1,14,0.00217761,0.37725,-0.550878,0,0,0,0,0
2,14,0.028962,-0.128138,-0.724581,0,0,0,0,0
3,14,-0.0328643,0.290956,-0.570248,0,0,0,0,0
4,14,-0.0769966,0.0852027,-0.557998,0,0,0,0,0
5,14,-0.106,0.282529,-0.506633,0,0,0,0,0
1,15,0.103132,-0.277061,0.261489,0,0,0,0,0
2,15,0.0792245,-0.585,0.259375,0,0,0,0,0
3,15,-0.0707446,-0.723448,0.183206,0,0,0,0,0
4,15,0.0776792,-0.732852,0.211081,0,0,0,0,0
5,15,0.102628,-0.585878,0.232827,0,0,0,0,0
1,16,0.00399788,-0.44512,-0.146765,0,0,0,0,0
2,16,-0.000803731,-0.412709,-0.0939247,0,0,0,0,0
3,16,-0.054253,-0.991316,-0.168853,0,0,0,0,0
4,16,-0.0935591,-0.703655,-0.109253,0,0,0,0,0
5,16,-0.0812313,-0.25854,-0.0450468,0,0,0,0,0
1,17,0.0619517,-0.184495,0.446017,0,0,0,0,0
2,17,0.0874019,0.136046,0.479388,0,0,0,0,0
3,17,-0.0683101,-0.0820315,0.486197,0,0,0,0,0
4,17,0.0754862,0.124174,0.437023,0,0,0,0,0
5,17,-0.123576,-0.369631,0.431487,0,0,0,0,0
1,18,-0.0491186,0.861237,0.193634,0,0,0,0,0
2,18,-0.0298654,1.34555,0.251152,0,0,0,0,0
3,18,-0.11216,1.26761,0.272249,0,0,0,0,0
4,18,-0.0205232,1.27376,0.209485,0,0,0,0,0
5,18,-0.0217652,1.14368,0.27927,0,0,0,0,0
1,19,-0.0364297,0.426181,-0.126119,0,0,0,0,0
2,19,-0.0358376,0.180163,-0.140881,0,0,0,0,0
3,19,-0.0416462,0.520332,-0.0961299,0,0,0,0,0
4,19,-0.0220636,0.403585,-0.116986,0,0,0,0,0
5,19,-0.0218651,0.229473,-0.170386,0,0,0,0,0
1,20,-0.164033,-0.844127,-0.223709,0,0,0,0,0
2,20,-0.00998084,-0.68325,-0.281647,0,0,0,0,0
3,20,0.096288,-0.59102,-0.277246,0,0,0,0,0
4,20,-0.0901795,-0.59656,-0.241629,0,0,0,0,0
5,20,0.0629933,-0.369755,-0.24224,0,0,0,0,0
1,21,0.038813,-0.0774706,-0.0760828,0,0,0,0,0
2,21,0.0223674,-0.472403,-0.150626,0,0,0,0,0
3,21,-0.0180389,-0.201112,-0.131569,0,0,0,0,0
4,21,0.0882582,-0.236226,-0.0933043,0,0,0,0,0
5,21,-0.0389076,-0.28543,-0.11601,0,0,0,0,0
1,22,0.0395561,0.0794207,-0.334836,0,0,0,0,0
2,22,-0.0376975,-0.191042,-0.429707,0,0,0,0,0
3,22,-0.0632458,0.0305973,-0.308572,0,0,0,0,0
4,22,-0.0109889,-0.0315483,-0.393657,0,0,0,0,0
5,22,0.0238133,-0.244769,-0.383514,0,0,0,0,0
1,23,0.0290028,-0.380936,-0.448213,0,0,0,0,0
2,23,0.0846342,-0.216552,-0.362157,0,0,0,0,0
3,23,0.00159985,-0.373563,-0.529662,0,0,0,0,0
4,23,0.080748,-0.533395,-0.528996,0,0,0,0,0
5,23,-0.0384943,-0.685662,-0.573716,0,0,0,0,0
1,24,0.0521392,-0.349251,-0.160294,0,0,0,0,0
2,24,0.0548357,-0.276305,-0.122321,0,0,0,0,0
3,24,0.0584562,-0.231578,-0.111368,0,0,0,0,0
4,24,0.0381657,-0.18215,-0.136504,0,0,0,0,0
5,24,0.0173729,-0.137338,-0.100951,0,0,0,0,0
1,25,-0.0475825,-0.163852,0.0134318,0,0,0,0,0
2,25,0.153346,-0.00692633,-0.0139492,0,0,0,0,0
3,25,-0.0655167,-0.413759,0.0120631,0,0,0,0,0
4,25,-0.061781,-0.0128762,0.0963613,0,0,0,0,0
5,25,-0.0800015,0.0391574,0.0776314,0,0,0,0,0
1,26,-0.0146871,-0.945502,-0.220874,0,0,0,0,0
2,26,0.0738186,-0.209291,-0.0609593,0,0,0,0,0
3,26,0.0663576,-0.609421,-0.126094,0,0,0,0,0
4,26,0.0972505,-0.17514,-0.115063,0,0,0,0,0
5,26,-0.0501344,-0.466923,-0.094932,0,0,0,0,0
1,27,0.11824,-0.459142,0.304939,0,0,0,0,0
2,27,-0.0319978,-0.582829,0.316508,0,0,0,0,0
3,27,-0.0165833,-0.845255,0.307904,0,0,0,0,0
4,27,0.00274104,-0.645111,0.282187,0,0,0,0,0
5,27,0.0193686,-0.855042,0.300695,0,0,0,0,0
1,28,0.0131998,-0.287769,0.101374,0,0,0,0,0
2,28,-0.0131816,-0.234532,0.0892527,0,0,0,0,0
3,28,0.0147557,-0.449694,0.0769516,0,0,0,0,0
4,28,-0.0742656,-0.735828,0.000180472,0,0,0,0,0
5,28,-0.0413843,-0.242573,0.0705615,0,0,0,0,0
1,29,0.0620789,-0.422613,-0.363181,0,0,0,0,0
2,29,-0.00843746,-0.197297,-0.285903,0,0,0,0,0
3,29,-0.0606646,-0.587517,-0.444686,0,0,0,0,0
4,29,0.0531823,-0.501763,-0.411703,0,0,0,0,0
5,29,-0.00863798,-0.537535,-0.46496,0,0,0,0,0
1,30,-0.0235411,1.65421,0.346634,0,0,0,0,0
2,30,-0.0404223,1.04149,0.335978,0,0,0,0,0
3,30,-0.0128738,1.14954,0.270283,0,0,0,0,0
4,30,0.0427253,1.08564,0.282671,0,0,0,0,0
5,30,-0.00399106,1.32998,0.353004,0,0,0,0,0
1,31,0.0383247,0.102394,0.079855,0,0,0,0,0
2,31,-0.000802243,0.189862,0.120854,0,0,0,0,0
3,31,-0.0314222,-0.00180742,0.082269,0,0,0,0,0
4,31,0.114796,0.0179968,0.0617008,0,0,0,0,0
5,31,0.0122221,0.072,0.124581,0,0,0,0,0
1,32,0.0206704,-0.116039,0.0122876,0,0,0,0,0
2,32,0.00884054,-0.309283,0.045666,0,0,0,0,0
3,32,-0.0102068,-0.405348,0.0542142,0,0,0,0,0
4,32,-0.0367375,-0.0822149,0.0557259,0,0,0,0,0
5,32,0.058851,-0.315325,0.0828853,0,0,0,0,0
1,33,-0.0177583,-0.965508,-0.0911599,0,0,0,0,0
2,33,0.0843702,-0.960642,-0.171059,0,0,0,0,0
3,33,-0.0236611,-0.958211,-0.117253,0,0,0,0,0
4,33,-0.0720705,-0.943853,-0.115046,0,0,0,0,0
5,33,0.0442191,-1.22212,-0.233027,0,0,0,0,0
1,34,-0.0513208,0.718955,-0.356291,0,0,0,0,0
2,34,-0.0744375,0.651218,-0.349468,0,0,0,0,0
3,34,-0.0385094,1.11169,-0.328178,0,0,0,0,0
4,34,0.0195629,1.05113,-0.209265,0,0,0,0,0
5,34,0.0355162,0.910821,-0.269188,0,0,0,0,0
1,35,-0.0304386,-0.153494,0.477235,0,0,0,0,0
2,35,-0.0538589,-0.0974988,0.460739,0,0,0,0,0
3,35,0.062889,-0.0849134,0.43025,0,0,0,0,0
4,35,0.0982667,0.0110538,0.442713,0,0,0,0,0
5,35,-0.0527474,-0.113342,0.469563,0,0,0,0,0
1,36,0.0568384,-0.344933,-0.0856754,0,0,0,0,0
2,36,-0.0414453,-0.3879,-0.0602335,0,0,0,0,0
3,36,-0.0778699,-0.419211,-0.155626,0,0,0,0,0
4,36,0.040122,-0.0727676,-0.015895,0,0,0,0,0
5,36,-0.00957617,-0.0184914,-0.00343041,0,0,0,0,0
1,37,0.0199889,-0.602088,-0.177363,0,0,0,0,0
2,37,-0.0426193,-0.785012,-0.155657,0,0,0,0,0
3,37,-0.0718331,-0.391059,-0.190987,0,0,0,0,0
4,37,-0.0672984,-0.623336,-0.168723,0,0,0,0,0
5,37,0.166496,-0.387118,-0.178818,0,0,0,0,0
1,38,0.0103229,-1.61663,0.252281,0,0,0,0,0
2,38,-0.0412312,-1.27447,0.323444,0,0,0,0,0
3,38,-0.0327069,-1.23628,0.344672,0,0,0,0,0
4,38,-0.0535426,-1.63071,0.25135,0,0,0,0,0
5,38,0.0680779,-1.00777,0.349428,0,0,0,0,0
1,39,0.0311758,0.363704,0.233403,0,0,0,0,0
2,39,0.0579064,0.386205,0.28079,0,0,0,0,0
3,39,-0.114714,0.0282733,0.244417,0,0,0,0,0
4,39,0.0402832,0.211448,0.255955,0,0,0,0,0
5,39,0.142437,0.505408,0.27647,0,0,0,0,0
1,40,-0.0439422,0.489559,-0.132033,0,0,0,0,0
2,40,-0.052119,0.599131,-0.0570608,0,0,0,0,0
3,40,0.0043687,0.768266,-0.0290422,0,0,0,0,0
4,40,0.00454107,0.451688,-0.135281,0,0,0,0,0
5,40,-0.00360721,0.809923,-0.063334,0,0,0,0,0
1,41,0.0248942,-0.779205,0.30562,0,0,0,0,0
2,41,-0.118857,-0.655744,0.296988,0,0,0,0,0
3,41,0.0586465,-0.563478,0.338418,0,0,0,0,0
4,41,0.0455015,-1.09269,0.281295,0,0,0,0,0
5,41,-0.017233,-0.682549,0.306878,0,0,0,0,0
1,42,-0.0756407,-0.251319,0.0452258,0,0,0,0,0
2,42,0.0121878,-0.326786,0.0287018,0,0,0,0,0
3,42,-0.19558,-0.536704,0.0523207,0,0,0,0,0
4,42,-0.0915592,-0.485213,0.00456523,0,0,0,0,0
5,42,-0.0332719,-0.656528,0.0250228,0,0,0,0,0
1,43,-0.00275471,0.125018,-0.105788,0,0,0,0,0
2,43,0.0981521,-0.0453865,-0.215971,0,0,0,0,0
3,43,0.0635926,-0.350758,-0.274331,0,0,0,0,0
4,43,0.0298529,-0.696853,-0.274357,0,0,0,0,0
5,43,0.0157947,-0.0907368,-0.21266,0,0,0,0,0
1,44,-0.07294,0.0546417,0.00412001,0,0,0,0,0
2,44,0.00517123,0.00336545,0.0242453,0,0,0,0,0
3,44,0.00310976,0.224218,0.0512705,0,0,0,0,0
4,44,-0.0383866,0.398433,0.0492185,0,0,0,0,0
5,44,0.019305,0.151504,0.0320504,0,0,0,0,0
1,45,-0.0122054,0.704343,0.231593,0,0,0,0,0
2,45,-0.0707096,1.07463,0.271426,0,0,0,0,0
3,45,-0.0560769,0.743773,0.250176,0,0,0,0,0
4,45,-0.057139,0.374552,0.164592,0,0,0,0,0
5,45,-0.0544322,0.820484,0.209507,0,0,0,0,0
1,46,0.105358,1.07138,-0.172859,0,0,0,0,0
2,46,0.00880002,0.891321,-0.169587,0,0,0,0,0
3,46,-0.133141,0.757079,-0.111706,0,0,0,0,0
4,46,-0.061825,0.640625,-0.215965,0,0,0,0,0
5,46,0.0271319,0.809933,-0.184011,0,0,0,0,0
1,47,-0.00300805,-0.311516,-0.416679,0,0,0,0,0
2,47,-0.0410067,-0.539544,-0.463686,0,0,0,0,0
3,47,-0.0641339,-0.276305,-0.372745,0,0,0,0,0
4,47,-0.0629308,-0.131784,-0.357142,0,0,0,0,0
5,47,0.104701,-0.195468,-0.290075,0,0,0,0,0
1,48,-0.0623473,-0.153788,-0.0761556,0,0,0,0,0
2,48,-0.057929,-0.114711,-0.0461252,0,0,0,0,0
3,48,-0.023514,0.21154,-0.0281808,0,0,0,0,0
4,48,0.0113265,-0.252531,-0.0365432,0,0,0,0,0
5,48,0.0136065,0.0784252,-0.0159477,0,0,0,0,0
1,49,-0.0749587,-0.0234935,-0.0701423,0,0,0,0,0
2,49,-0.00555624,-0.0386456,-0.137236,0,0,0,0,0
3,49,-0.0309346,0.420978,-0.0345333,0,0,0,0,0
4,49,-0.0516091,0.107248,-0.0530974,0,0,0,0,0
5,49,-0.00305397,-0.187222,-0.176931,0,0,0,0,0
1,50,0.00311902,0.37188,0.329967,0,0,0,0,0
2,50,0.0601279,0.348082,0.337232,0,0,0,0,0
3,50,-0.00050514,0.37803,0.312192,0,0,0,0,0
4,50,0.0388002,0.25784,0.305736,0,0,0,0,0
5,50,-0.0964908,-0.045685,0.272688,0,0,0,0,0
1,51,0.0741617,0.894079,0.109198,0,0,0,0,0
2,51,0.00880846,0.741112,0.114412,0,0,0,0,0
3,51,-0.0605349,0.907767,0.17309,0,0,0,0,0
4,51,-0.0508112,0.555619,0.0631088,0,0,0,0,0
5,51,-0.0382472,0.661481,0.119114,0,0,0,0,0
1,52,-0.0181872,0.79388,0.0541072,0,0,0,0,0
2,52,0.0512224,0.639948,0.0499077,0,0,0,0,0
3,52,-0.0202485,0.689488,-0.00162632,0,0,0,0,0
4,52,-0.113065,0.130734,-0.0367481,0,0,0,0,0
5,52,-0.00834671,0.751569,0.0663869,0,0,0,0,0
1,53,0.0325587,1.041,-0.0494513,0,0,0,0,0
2,53,-0.0402979,1.05183,-0.005264,0,0,0,0,0
3,53,-0.0113092,0.899388,-0.0549316,0,0,0,0,0
4,53,0.062846,0.900269,-0.139128,0,0,0,0,0
5,53,-0.141811,0.784191,-0.0743434,0,0,0,0,0
1,54,-0.0821642,-0.39691,0.191932,0,0,0,0,0
2,54,0.035494,-0.229147,0.178024,0,0,0,0,0
3,54,0.0212773,-0.189751,0.163072,0,0,0,0,0
4,54,0.0642073,-0.120495,0.178187,0,0,0,0,0
5,54,0.0618221,-0.110695,0.13566,0,0,0,0,0
1,55,-0.085864,0.14662,0.251714,0,0,0,0,0
2,55,-0.0395076,-0.0736474,0.223083,0,0,0,0,0
3,55,0.0302706,0.222801,0.293772,0,0,0,0,0
4,55,0.0129751,0.131686,0.237509,0,0,0,0,0
5,55,-0.0271536,-0.0404071,0.250523,0,0,0,0,0
1,56,-0.0481354,0.862845,-0.283178,0,0,0,0,0
2,56,0.010248,1.13243,-0.226481,0,0,0,0,0
3,56,-0.00897968,1.12463,-0.211981,0,0,0,0,0
4,56,0.036697,1.14437,-0.255449,0,0,0,0,0
5,56,-0.032402,1.03988,-0.230269,0,0,0,0,0
1,57,0.0498065,-0.233923,0.161971,0,0,0,0,0
2,57,-0.00814925,-0.023786,0.206506,0,0,0,0,0
3,57,0.0395285,0.241491,0.182834,0,0,0,0,0
4,57,0.00617824,-0.0512777,0.20735,0,0,0,0,0
5,57,-0.104969,-0.673278,0.132669,0,0,0,0,0
1,58,-0.135076,0.333421,0.826321,0,0,0,0,0
2,58,0.0599121,0.305272,0.785986,0,0,0,0,0
3,58,-0.0883195,0.217753,0.791902,0,0,0,0,0
4,58,-0.0627382,-0.0230901,0.790833,0,0,0,0,0
5,58,-0.0101174,0.447007,0.810595,0,0,0,0,0
1,59,0.173209,0.213913,0.146035,0,0,0,0,0
2,59,-0.076921,-0.14682,0.149811,0,0,0,0,0
3,59,-0.0234185,0.418078,0.15014,0,0,0,0,0
4,59,-0.0135255,-0.0304751,0.0923546,0,0,0,0,0
5,59,-0.0310746,0.00627808,0.0798506,0,0,0,0,0
1,60,0.0453655,-0.759679,-0.405726,0,0,0,0,0
2,60,0.0174881,-0.473493,-0.33514,0,0,0,0,0
3,60,-0.00173101,-0.487696,-0.378425,0,0,0,0,0
4,60,-0.0133308,-0.792365,-0.44403,0,0,0,0,0
5,60,-0.0736041,-0.839962,-0.473057,0,0,0,0,0
1,61,0.00484746,1.17222,-0.222066,0,0,0,0,0
2,61,-0.119863,1.03659,-0.158077,0,0,0,0,0
3,61,0.0365611,0.848411,-0.175967,0,0,0,0,0
4,61,-0.0121544,1.03071,-0.210443,0,0,0,0,0
5,61,-0.0524183,1.15795,-0.151691,0,0,0,0,0
1,62,0.0239821,-0.100906,-0.0909774,0,0,0,0,0
2,62,0.0407925,-0.00682323,-0.0859052,0,0,0,0,0
3,62,0.0103566,0.0480361,-0.0216846,0,0,0,0,0
4,62,0.0663049,0.248721,-0.0535405,0,0,0,0,0
5,62,-0.0111932,-0.110787,-0.106888,0,0,0,0,0
1,63,0.00434066,1.68247,0.293366,0,0,0,0,0
2,63,-0.123798,1.23941,0.284995,0,0,0,0,0
3,63,0.116971,1.88071,0.293582,0,0,0,0,0
4,63,-0.0140588,1.45022,0.308681,0,0,0,0,0
5,63,-0.0557126,1.43209,0.280722,0,0,0,0,0
1,64,-0.0100561,0.275044,-0.233838,0,0,0,0,0
2,64,0.0935116,0.125853,-0.261516,0,0,0,0,0
3,64,0.11962,0.221592,-0.292477,0,0,0,0,0
4,64,0.0402092,0.100391,-0.256144,0,0,0,0,0
5,64,-0.0668474,0.349725,-0.244818,0,0,0,0,0
1,65,0.0534249,0.0765135,0.0419915,0,0,0,0,0
2,65,0.0110049,-0.133929,0.0497141,0,0,0,0,0
3,65,-0.0597452,-0.127456,0.034035,0,0,0,0,0
4,65,0.0221705,0.0879108,0.08985,0,0,0,0,0
5,65,-0.118539,0.218458,0.0913537,0,0,0,0,0
1,66,0.105972,-0.381369,-0.0272752,0,0,0,0,0
2,66,-0.00661683,-0.468534,-0.0761441,0,0,0,0,0
3,66,-0.0289341,-0.419933,0.0301733,0,0,0,0,0
4,66,-0.0320579,0.14866,0.0746518,0,0,0,0,0
5,66,-0.0203999,-0.373074,-0.0553388,0,0,0,0,0
1,67,0.11171,0.279974,-0.376662,0,0,0,0,0
2,67,-0.0432602,-0.0202546,-0.329115,0,0,0,0,0
3,67,0.0617477,0.0775513,-0.410345,0,0,0,0,0
4,67,0.0323963,-0.16426,-0.394673,0,0,0,0,0
5,67,0.0416904,-0.343017,-0.477654,0,0,0,0,0
1,68,0.0775513,-0.293011,-0.194466,0,0,0,0,0
2,68,0.0562027,0.463536,-0.0161701,0,0,0,0,0
3,68,0.1691,-0.00951353,-0.128007,0,0,0,0,0
4,68,-0.0948752,-0.34878,-0.056048,0,0,0,0,0
5,68,-0.205203,-0.285799,-0.118399,0,0,0,0,0
1,69,-0.0346113,-0.110657,0.375808,0,0,0,0,0
2,69,0.0702525,-0.208412,0.320096,0,0,0,0,0
3,69,0.0245745,0.187052,0.376426,0,0,0,0,0
4,69,0.0452997,0.0681341,0.321561,0,0,0,0,0
5,69,0.0276792,0.0909228,0.345715,0,0,0,0,0
1,70,-0.0154168,1.1162,0.0656151,0,0,0,0,0
2,70,-0.154912,0.998584,0.0654092,0,0,0,0,0
3,70,0.0250754,0.900912,0.029627,0,0,0,0,0
4,70,-0.0633067,1.0856,0.0243714,0,0,0,0,0
5,70,-0.105784,1.28507,0.103716,0,0,0,0,0
1,71,0.0607484,-0.302413,0.207959,0,0,0,0,0
2,71,-0.129824,-0.322429,0.268478,0,0,0,0,0
3,71,-0.00430563,-0.587865,0.183637,0,0,0,0,0
4,71,-0.000308751,-0.51747,0.217167,0,0,0,0,0
5,71,-0.0160103,-0.644419,0.187935,0,0,0,0,0
1,72,0.0223609,0.210727,0.0676923,0,0,0,0,0
2,72,0.00801878,0.286112,0.019974,0,0,0,0,0
3,72,-0.0280738,0.18604,0.0414409,0,0,0,0,0
4,72,0.0959725,0.416699,0.110119,0,0,0,0,0
5,72,-0.0248743,0.175628,0.0655238,0,0,0,0,0
1,73,0.0608998,0.531815,0.407051,0,0,0,0,0
2,73,0.0459463,0.417959,0.372604,0,0,0,0,0
3,73,-0.0308131,0.0194467,0.307034,0,0,0,0,0
4,73,0.0665539,0.495719,0.38854,0,0,0,0,0
5,73,0.0412465,0.0140371,0.336546,0,0,0,0,0
1,74,-0.129405,0.183343,-0.206438,0,0,0,0,0
2,74,0.0275667,0.0244707,-0.232223,0,0,0,0,0
3,74,0.208158,0.0935546,-0.315774,0,0,0,0,0
4,74,0.0406878,0.333263,-0.162231,0,0,0,0,0
5,74,-0.0391953,0.387411,-0.207179,0,0,0,0,0
1,75,0.0248378,-0.719693,-0.2194,0,0,0,0,0
2,75,0.0378,-0.718764,-0.224711,0,0,0,0,0
3,75,0.0497311,-1.19594,-0.340308,0,0,0,0,0
4,75,0.0111426,-0.589415,-0.161114,0,0,0,0,0
5,75,-0.00237784,-0.62382,-0.113243,0,0,0,0,0
1,76,-0.044253,-0.676104,0.151706,0,0,0,0,0
2,76,0.0456307,-0.678078,0.13859,0,0,0,0,0
3,76,0.0596422,-0.450403,0.155455,0,0,0,0,0
4,76,0.00726206,-0.600185,0.157195,0,0,0,0,0
5,76,0.0591628,-0.545986,0.162416,0,0,0,0,0
1,77,-0.0869025,-1.24591,-0.0943412,0,0,0,0,0
2,77,-0.0554971,-0.835041,-0.0382629,0,0,0,0,0
3,77,0.0357949,-0.531426,0.0167272,0,0,0,0,0
4,77,0.159295,-0.437052,-0.00778659,0,0,0,0,0
5,77,0.0229294,-0.719648,0.0233069,0,0,0,0,0
1,78,0.114461,0.841839,0.146406,0,0,0,0,0
2,78,-0.0342779,0.837783,0.161445,0,0,0,0,0
3,78,0.0573108,0.935625,0.155506,0,0,0,0,0
4,78,-0.0155159,0.904979,0.156091,0,0,0,0,0
5,78,-0.0497164,0.633121,0.1466,0,0,0,0,0
1,79,-0.0481436,0.170789,0.347277,0,0,0,0,0
2,79,0.00324321,0.29043,0.312624,0,0,0,0,0
3,79,-0.0348731,0.327236,0.347584,0,0,0,0,0
4,79,0.0687576,0.0960423,0.26798,0,0,0,0,0
5,79,0.00133494,-0.154487,0.256455,0,0,0,0,0
1,80,-0.0646521,-0.154839,0.0805049,0,0,0,0,0
2,80,0.0641716,0.206092,0.131203,0,0,0,0,0
3,80,0.0496855,0.0528509,0.138959,0,0,0,0,0
4,80,0.0767901,-0.31909,0.0641167,0,0,0,0,0
5,80,-0.0222332,0.0125164,0.140178,0,0,0,0,0
1,81,-0.0567054,0.286111,-0.339322,0,0,0,0,0
2,81,0.0731888,-0.0653791,-0.519017,0,0,0,0,0
3,81,-0.0226385,-0.00502961,-0.480217,0,0,0,0,0
4,81,-0.0547521,-0.019124,-0.528684,0,0,0,0,0
5,81,0.0584491,-0.119624,-0.583222,0,0,0,0,0
1,82,-0.0209994,-0.275899,0.118389,0,0,0,0,0
2,82,0.0896472,-0.0151053,0.129167,0,0,0,0,0
3,82,-0.074589,-0.275115,0.167617,0,0,0,0,0
4,82,0.0299352,0.0541077,0.204578,0,0,0,0,0
5,82,-0.102574,-0.099569,0.170537,0,0,0,0,0
1,83,0.0568444,-0.940318,0.557875,0,0,0,0,0
2,83,-0.0250987,-1.05398,0.51835,0,0,0,0,0
3,83,-0.141475,-1.46502,0.449694,0,0,0,0,0
4,83,0.0180242,-0.633547,0.538405,0,0,0,0,0
5,83,0.075703,-0.618719,0.540597,0,0,0,0,0
1,84,0.106334,0.554847,0.0342941,0,0,0,0,0
2,84,-0.0362341,-0.112333,-0.026722,0,0,0,0,0
3,84,-0.0463011,0.394459,0.0738505,0,0,0,0,0
4,84,-0.0526812,0.353349,0.00724797,0,0,0,0,0
5,84,0.0193373,0.423067,0.0680253,0,0,0,0,0
1,85,0.0665123,-0.182877,0.536043,0,0,0,0,0
2,85,-0.0713749,-0.373756,0.556167,0,0,0,0,0
3,85,0.0209721,-0.380497,0.509927,0,0,0,0,0
4,85,-0.0564189,-0.375997,0.505182,0,0,0,0,0
5,85,0.0036177,-0.515578,0.516487,0,0,0,0,0
1,86,0.0294336,-0.461192,-0.111332,0,0,0,0,0
2,86,-0.046452,-0.693583,-0.196829,0,0,0,0,0
3,86,0.08673,-0.471694,-0.155496,0,0,0,0,0
4,86,0.012513,-0.431956,-0.141251,0,0,0,0,0
5,86,-0.034458,-0.456372,-0.154504,0,0,0,0,0
1,87,-0.035009,0.845703,0.0777297,0,0,0,0,0
2,87,0.0462872,1.16353,0.136797,0,0,0,0,0
3,87,-0.014835,0.671209,-0.0230319,0,0,0,0,0
4,87,-0.00306043,0.665833,-0.0091723,0,0,0,0,0
5,87,0.0471533,1.30574,0.139692,0,0,0,0,0
1,88,-0.0445923,0.577665,-0.488727,0,0,0,0,0
2,88,-0.00027062,0.748747,-0.471542,0,0,0,0,0
3,88,0.0147396,0.350749,-0.512516,0,0,0,0,0
4,88,0.0214178,0.603683,-0.409218,0,0,0,0,0
5,88,0.034079,0.382353,-0.60297,0,0,0,0,0
1,89,-0.00439632,-0.442148,-0.473407,0,0,0,0,0
2,89,-0.0473351,-0.029513,-0.286108,0,0,0,0,0
3,89,0.0453705,-0.0711589,-0.35437,0,0,0,0,0
4,89,-0.0399805,-0.295714,-0.386361,0,0,0,0,0
5,89,-0.0463761,-0.432134,-0.456362,0,0,0,0,0
1,90,0.0754064,-0.768639,0.0183147,0,0,0,0,0
2,90,-0.083364,-0.389354,0.0958437,0,0,0,0,0
3,90,-0.01826,-0.598453,0.0414632,0,0,0,0,0
4,90,0.088942,-0.14746,0.0825832,0,0,0,0,0
5,90,0.0720585,-0.437086,0.0650457,0,0,0,0,0
1,91,0.0868579,0.713082,0.00396233,0,0,0,0,0
2,91,0.0288971,0.590337,0.0207282,0,0,0,0,0
3,91,0.0500489,0.456418,0.0177796,0,0,0,0,0
4,91,-0.0228341,0.58083,0.0328507,0,0,0,0,0
5,91,0.0682473,0.670157,-0.0059238,0,0,0,0,0
1,92,-0.013779,-0.190399,-0.905512,0,0,0,0,0
2,92,-0.0042383,-0.130576,-0.860289,0,0,0,0,0
3,92,0.0490685,-0.455516,-1.0251,0,0,0,0,0
4,92,0.0592062,-0.134933,-1.017,0,0,0,0,0
5,92,0.0848748,-0.111717,-0.885067,0,0,0,0,0
1,93,0.0334838,-0.374912,-0.526713,0,0,0,0,0
2,93,0.0136042,-0.025612,-0.39616,0,0,0,0,0
3,93,0.0422936,-0.266313,-0.466085,0,0,0,0,0
4,93,0.00830065,-0.241882,-0.580806,0,0,0,0,0
5,93,0.0554784,-0.139435,-0.410765,0,0,0,0,0
1,94,-0.0747417,0.443624,-0.0892158,0,0,0,0,0
2,94,0.04879,0.455949,-0.0289651,0,0,0,0,0
3,94,-0.0299593,0.302582,-0.130516,0,0,0,0,0
4,94,0.00895759,0.112498,-0.132915,0,0,0,0,0
5,94,-0.0541131,0.397209,-0.0574051,0,0,0,0,0
1,95,0.0584676,-0.552791,-0.000792813,0,0,0,0,0
2,95,-0.0299044,-0.706513,-0.0178142,0,0,0,0,0
3,95,-0.0504811,-0.950057,-0.0438166,0,0,0,0,0
4,95,0.0510494,-0.524719,0.00503383,0,0,0,0,0
5,95,-0.0224039,-0.520542,0.0671072,0,0,0,0,0
1,96,0.190792,-1.28477,-0.273498,0,0,0,0,0
2,96,0.0179931,-1.2095,-0.133781,0,0,0,0,0
3,96,0.0536497,-1.4339,-0.225165,0,0,0,0,0
4,96,-0.0206542,-1.34767,-0.161129,0,0,0,0,0
5,96,-0.127495,-1.2202,-0.163177,0,0,0,0,0
1,97,-0.135486,0.571605,0.643326,0,0,0,0,0
2,97,-0.015249,0.505934,0.661109,0,0,0,0,0
3,97,0.00940292,0.658877,0.663392,0,0,0,0,0
4,97,-0.0246698,0.428522,0.636013,0,0,0,0,0
5,97,0.0575726,0.584816,0.63488,0,0,0,0,0
1,98,0.0160275,-0.76322,0.420269,0,0,0,0,0
2,98,-0.132094,-0.689297,0.421987,0,0,0,0,0
3,98,-0.0809173,-0.834891,0.449357,0,0,0,0,0
4,98,-0.00414245,-0.851613,0.446334,0,0,0,0,0
5,98,-0.0251022,-0.663002,0.447094,0,0,0,0,0
1,99,0.0195517,0.435808,-0.0700335,0,0,0,0,0
2,99,-0.0427811,0.625218,0.029892,0,0,0,0,0
3,99,-0.0321992,0.198223,0.0151827,0,0,0,0,0
4,99,-0.0330264,0.448758,-0.0199794,0,0,0,0,0
5,99,0.000612006,0.430924,-0.0625252,0,0,0,0,0
1,100,0.0398711,0.155493,-0.0401858,0,0,0,0,0
2,100,-0.00919516,0.0700733,-0.0466505,0,0,0,0,0
3,100,-0.174407,0.0621894,-0.0405303,0,0,0,0,0
4,100,0.0241259,0.017615,-0.0924218,0,0,0,0,0
5,100,0.0141035,0.180195,-0.0651715,0,0,0,0,0
