rep,id,delta_S,phi_S,delta_AB,alpha_11,alpha_12,alpha_13,alpha_14,alpha_15
1,1,0.234811,276.256,0.0265865,0.101409,0,0,0,0
2,1,0.241939,217.804,0.0257691,0.101409,0,0,0,0
3,1,0.229534,144.106,0.0251253,0.101409,0,0,0,0
4,1,0.226207,260.445,0.0281267,0.101409,0,0,0,0
5,1,0.236448,262.212,0.0268816,0.101409,0,0,0,0
1,2,0.22048,477.091,0.0293088,0.101409,0,0,0,0
2,2,0.234932,504.342,0.0310826,0.101409,0,0,0,0
3,2,0.239687,467.055,0.0294592,0.101409,0,0,0,0
4,2,0.261394,436.215,0.0293521,0.101409,0,0,0,0
5,2,0.241156,433.359,0.0310849,0.101409,0,0,0,0
1,3,0.234411,231.664,0.022481,0.101409,0,0,0,0
2,3,0.225228,352.1,0.0238316,0.101409,0,0,0,0
3,3,0.240194,267.513,0.0231368,0.101409,0,0,0,0
4,3,0.253434,261.785,0.0230493,0.101409,0,0,0,0
5,3,0.207342,401.095,0.0247774,0.101409,0,0,0,0
1,4,0.216019,826.736,0.0400877,0.101409,0,0,0,0
2,4,0.240327,587.229,0.0381372,0.101409,0,0,0,0
3,4,0.276815,1152.46,0.0414201,0.101409,0,0,0,0
4,4,0.237985,644.77,0.0387526,0.101409,0,0,0,0
5,4,0.212702,662.37,0.0404967,0.101409,0,0,0,0
1,5,0.236356,1122.09,0.0251837,0.101409,0,0,0,0
2,5,0.239316,639.661,0.0240296,0.101409,0,0,0,0
3,5,0.253702,577.701,0.0212117,0.101409,0,0,0,0
4,5,0.240156,862.831,0.0240713,0.101409,0,0,0,0
5,5,0.229589,629.129,0.0231012,0.101409,0,0,0,0
1,6,0.271234,228.113,0.0280357,0.101409,0,0,0,0
2,6,0.263433,204.93,0.0295287,0.101409,0,0,0,0
3,6,0.262278,231.241,0.0291494,0.101409,0,0,0,0
4,6,0.260132,191.95,0.0283304,0.101409,0,0,0,0
5,6,0.260185,218.429,0.0290501,0.101409,0,0,0,0
1,7,0.245875,776.949,0.028845,0.101409,0,0,0,0
2,7,0.246805,711.377,0.0273789,0.101409,0,0,0,0
3,7,0.256511,988.226,0.0285281,0.101409,0,0,0,0
4,7,0.268559,894.564,0.0279384,0.101409,0,0,0,0
5,7,0.260765,973.603,0.0288475,0.101409,0,0,0,0
1,8,0.253199,776.858,0.0255579,0.101409,0,0,0,0
2,8,0.226583,709.988,0.0272957,0.101409,0,0,0,0
3,8,0.252817,630.284,0.0258219,0.101409,0,0,0,0
4,8,0.233234,641.056,0.0259319,0.101409,0,0,0,0
5,8,0.215475,673.438,0.0271751,0.101409,0,0,0,0
1,9,0.226682,357.331,0.0125753,0.101409,0,0,0,0
2,9,0.248254,299.295,0.0121596,0.101409,0,0,0,0
3,9,0.23145,231.763,0.0120059,0.101409,0,0,0,0
4,9,0.244432,310.586,0.0115252,0.101409,0,0,0,0
5,9,0.247066,425.456,0.01259,0.101409,0,0,0,0
1,10,0.252705,712.119,0.01721,0.101409,0,0,0,0
2,10,0.229699,965.291,0.0196585,0.101409,0,0,0,0
3,10,0.265993,970.605,0.0191103,0.101409,0,0,0,0
4,10,0.249678,776.52,0.0189505,0.101409,0,0,0,0
5,10,0.257291,1046.56,0.0198001,0.101409,0,0,0,0
1,11,0.243528,1945.98,0.0249161,0.101409,0,0,0,0
2,11,0.247993,2015.37,0.0253662,0.101409,0,0,0,0
3,11,0.249651,2209.06,0.025038,0.101409,0,0,0,0
4,11,0.248578,2156.1,0.0250647,0.101409,0,0,0,0
5,11,0.229839,1560.49,0.0232731,0.101409,0,0,0,0
1,12,0.240241,1398.16,0.0323551,0.101409,0,0,0,0
2,12,0.221539,1078.74,0.0325023,0.101409,0,0,0,0
3,12,0.247043,953.024,0.0297391,0.101409,0,0,0,0
4,12,0.244548,1588.99,0.0330384,0.101409,0,0,0,0
5,12,0.23015,1168.7,0.031874,0.101409,0,0,0,0
1,13,0.232282,736.425,0.0258029,0.101409,0,0,0,0
2,13,0.24712,1042.07,0.0252219,0.101409,0,0,0,0
3,13,0.238551,668.482,0.0242994,0.101409,0,0,0,0
4,13,0.233568,1209.36,0.0257659,0.101409,0,0,0,0
5,13,0.220791,969.374,0.0257017,0.101409,0,0,0,0
1,14,0.240953,842.523,0.014334,0.101409,0,0,0,0
2,14,0.247494,508.27,0.0120484,0.101409,0,0,0,0
3,14,0.232655,772.867,0.014059,0.101409,0,0,0,0
4,14,0.222611,629.14,0.0142323,0.101409,0,0,0,0
5,14,0.216247,766.382,0.0149824,0.101409,0,0,0,0
1,15,0.266548,437.944,0.0322978,0.101409,0,0,0,0
2,15,0.260251,321.871,0.0322296,0.101409,0,0,0,0
3,15,0.224007,280.256,0.0298658,0.101409,0,0,0,0
4,15,0.259849,277.633,0.0307101,0.101409,0,0,0,0
5,15,0.266414,321.589,0.0313852,0.101409,0,0,0,0
1,16,0.241392,370.196,0.0214719,0.101409,0,0,0,0
2,16,0.240235,382.39,0.022637,0.101409,0,0,0,0
3,16,0.227732,214.398,0.0210028,0.101409,0,0,0,0
4,16,0.218954,285.858,0.0222926,0.101409,0,0,0,0
5,16,0.22167,446.13,0.0237709,0.101409,0,0,0,0
1,17,0.255795,480.418,0.0388429,0.101409,0,0,0,0
2,17,0.262388,661.955,0.0401611,0.101409,0,0,0,0
3,17,0.224553,532.253,0.0404354,0.101409,0,0,0,0
4,17,0.25928,654.142,0.0384951,0.101409,0,0,0,0
5,17,0.21248,399.223,0.0382826,0.101409,0,0,0,0
1,18,0.228904,1367.02,0.0301789,0.101409,0,0,0,0
2,18,0.233354,2218.75,0.0319656,0.101409,0,0,0,0
3,18,0.214919,2052.39,0.0326472,0.101409,0,0,0,0
4,18,0.235544,2065.06,0.0306611,0.101409,0,0,0,0
5,18,0.235252,1813.17,0.0328772,0.101409,0,0,0,0
1,19,0.231827,884.774,0.0219198,0.101409,0,0,0,0
2,19,0.231965,691.812,0.0215986,0.101409,0,0,0,0
3,19,0.230621,972.124,0.0225871,0.101409,0,0,0,0
4,19,0.235182,865.006,0.0221209,0.101409,0,0,0,0
5,19,0.235229,726.78,0.0209706,0.101409,0,0,0,0
1,20,0.204055,248.396,0.0198817,0.101409,0,0,0,0
2,20,0.238041,291.751,0.0187625,0.101409,0,0,0,0
3,20,0.26473,319.939,0.0188453,0.101409,0,0,0,0
4,20,0.219696,318.172,0.0195286,0.101409,0,0,0,0
5,20,0.256061,399.174,0.0195167,0.101409,0,0,0,0
1,21,0.249944,534.687,0.0230445,0.101409,0,0,0,0
2,21,0.245867,360.232,0.0213891,0.101409,0,0,0,0
3,21,0.23613,472.501,0.0218007,0.101409,0,0,0,0
4,21,0.262613,456.197,0.022651,0.101409,0,0,0,0
5,21,0.231254,434.294,0.0221425,0.101409,0,0,0,0
1,22,0.25013,625.513,0.0177907,0.101409,0,0,0,0
2,22,0.231534,477.283,0.0161804,0.101409,0,0,0,0
3,22,0.225693,595.707,0.0182641,0.101409,0,0,0,0
4,22,0.237801,559.813,0.0167744,0.101409,0,0,0,0
5,22,0.246223,452.317,0.0169454,0.101409,0,0,0,0
1,23,0.247504,394.735,0.0158837,0.101409,0,0,0,0
2,23,0.261663,465.261,0.0173112,0.101409,0,0,0,0
3,23,0.240813,397.656,0.0146413,0.101409,0,0,0,0
4,23,0.260648,338.917,0.0146511,0.101409,0,0,0,0
5,23,0.231349,291.048,0.0140103,0.101409,0,0,0,0
1,24,0.253297,407.443,0.0211833,0.101409,0,0,0,0
2,24,0.253981,438.275,0.0220032,0.101409,0,0,0,0
3,24,0.254902,458.322,0.0222455,0.101409,0,0,0,0
4,24,0.249782,481.546,0.0216933,0.101409,0,0,0,0
5,24,0.244642,503.616,0.0224785,0.101409,0,0,0,0
1,25,0.229256,490.438,0.0252024,0.101409,0,0,0,0
2,25,0.280274,573.768,0.0245217,0.101409,0,0,0,0
3,25,0.225181,381.989,0.025168,0.101409,0,0,0,0
4,25,0.226024,570.364,0.0273816,0.101409,0,0,0,0
5,25,0.221943,600.828,0.0268735,0.101409,0,0,0,0
1,26,0.236923,224.449,0.0199382,0.101409,0,0,0,0
2,26,0.258848,468.652,0.0233956,0.101409,0,0,0,0
3,26,0.256924,314.106,0.0219204,0.101409,0,0,0,0
4,26,0.264985,484.933,0.0221635,0.101409,0,0,0,0
5,26,0.228672,362.212,0.0226142,0.101409,0,0,0,0
1,27,0.270606,365.041,0.033732,0.101409,0,0,0,0
2,27,0.232857,322.571,0.0341246,0.101409,0,0,0,0
3,27,0.236474,248.116,0.0338322,0.101409,0,0,0,0
4,27,0.241088,303.093,0.0329733,0.101409,0,0,0,0
5,27,0.245131,245.7,0.0335892,0.101409,0,0,0,0
1,28,0.243623,433.279,0.0275192,0.101409,0,0,0,0
2,28,0.23728,456.971,0.0271876,0.101409,0,0,0,0
3,28,0.244003,368.506,0.0268552,0.101409,0,0,0,0
4,28,0.22322,276.808,0.0248707,0.101409,0,0,0,0
5,28,0.230682,453.311,0.0266842,0.101409,0,0,0,0
1,29,0.255827,378.622,0.0172935,0.101409,0,0,0,0
2,29,0.238408,474.307,0.0186829,0.101409,0,0,0,0
3,29,0.226277,321.062,0.0159399,0.101409,0,0,0,0
4,29,0.253561,349.809,0.0164744,0.101409,0,0,0,0
5,29,0.238361,337.517,0.01562,0.101409,0,0,0,0
1,30,0.234835,3021.04,0.0351682,0.101409,0,0,0,0
2,30,0.230904,1637.03,0.0347955,0.101409,0,0,0,0
3,30,0.237353,1823.82,0.032583,0.101409,0,0,0,0
4,30,0.250924,1710.93,0.0329892,0.101409,0,0,0,0
5,30,0.239471,2184.48,0.035393,0.101409,0,0,0,0
1,31,0.249822,640.049,0.0269333,0.101409,0,0,0,0
2,31,0.240236,698.554,0.0280605,0.101409,0,0,0,0
3,31,0.232991,576.712,0.0269984,0.101409,0,0,0,0
4,31,0.269675,588.248,0.0264488,0.101409,0,0,0,0
5,31,0.243385,620.888,0.0281653,0.101409,0,0,0,0
1,32,0.24545,514.457,0.0251736,0.101409,0,0,0,0
2,32,0.242563,424.057,0.0260281,0.101409,0,0,0,0
3,32,0.237987,385.216,0.0262515,0.101409,0,0,0,0
4,32,0.231756,532.156,0.0262912,0.101409,0,0,0,0
5,32,0.255003,421.503,0.0270151,0.101409,0,0,0,0
1,33,0.236197,220.003,0.0226996,0.101409,0,0,0,0
2,33,0.261594,221.077,0.0209565,0.101409,0,0,0,0
3,33,0.234806,221.615,0.022115,0.101409,0,0,0,0
4,33,0.22371,224.82,0.0221639,0.101409,0,0,0,0
5,33,0.251299,170.21,0.0196973,0.101409,0,0,0,0
1,34,0.228401,1185.72,0.017413,0.101409,0,0,0,0
2,34,0.223181,1108.06,0.0175322,0.101409,0,0,0,0
3,34,0.231346,1756.08,0.0179095,0.101409,0,0,0,0
4,34,0.245178,1652.89,0.020171,0.101409,0,0,0,0
5,34,0.249121,1436.51,0.0189978,0.101409,0,0,0,0
1,35,0.23322,495.545,0.0400747,0.101409,0,0,0,0
2,35,0.227822,524.084,0.039419,0.101409,0,0,0,0
3,35,0.256034,530.722,0.0382353,0.101409,0,0,0,0
4,35,0.265254,584.178,0.0387148,0.101409,0,0,0,0
5,35,0.228075,515.846,0.0397684,0.101409,0,0,0,0
1,36,0.25449,409.206,0.0228245,0.101409,0,0,0,0
2,36,0.230668,391.996,0.0234126,0.101409,0,0,0,0
3,36,0.222417,379.912,0.0212825,0.101409,0,0,0,0
4,36,0.250271,537.207,0.0244741,0.101409,0,0,0,0
5,36,0.238137,567.17,0.024781,0.101409,0,0,0,0
1,37,0.245283,316.418,0.0208248,0.101409,0,0,0,0
2,37,0.230397,263.523,0.0212818,0.101409,0,0,0,0
3,37,0.223764,390.759,0.020543,0.101409,0,0,0,0
4,37,0.224781,309.765,0.0210055,0.101409,0,0,0,0
5,37,0.283984,392.303,0.0207946,0.101409,0,0,0,0
1,38,0.242923,114.723,0.0320017,0.101409,0,0,0,0
2,38,0.230717,161.529,0.0343621,0.101409,0,0,0,0
3,38,0.232692,167.816,0.0350993,0.101409,0,0,0,0
4,38,0.227894,113.119,0.031972,0.101409,0,0,0,0
5,38,0.257366,210.9,0.0352666,0.101409,0,0,0,0
1,39,0.248042,831.188,0.0314033,0.101409,0,0,0,0
2,39,0.254762,850.101,0.0329272,0.101409,0,0,0,0
3,39,0.214371,594.324,0.0317511,0.101409,0,0,0,0
4,39,0.250311,713.797,0.0321195,0.101409,0,0,0,0
5,39,0.277234,957.724,0.0327853,0.101409,0,0,0,0
1,40,0.230092,942.664,0.0217906,0.101409,0,0,0,0
2,40,0.228219,1051.83,0.023487,0.101409,0,0,0,0
3,40,0.241481,1245.66,0.0241544,0.101409,0,0,0,0
4,40,0.241523,907.632,0.0217199,0.101409,0,0,0,0
5,40,0.239563,1298.64,0.0233402,0.101409,0,0,0,0
1,41,0.246489,265.057,0.033755,0.101409,0,0,0,0
2,41,0.213485,299.887,0.0334649,0.101409,0,0,0,0
3,41,0.25495,328.873,0.0348805,0.101409,0,0,0,0
4,41,0.251621,193.729,0.0329439,0.101409,0,0,0,0
5,41,0.236321,291.956,0.0337975,0.101409,0,0,0,0
1,42,0.222913,449.364,0.0260166,0.101409,0,0,0,0
2,42,0.243377,416.699,0.0255902,0.101409,0,0,0,0
3,42,0.197718,337.798,0.0262019,0.101409,0,0,0,0
4,42,0.219393,355.647,0.02498,0.101409,0,0,0,0
5,42,0.232561,299.653,0.0254963,0.101409,0,0,0,0
1,43,0.239767,654.695,0.02237,0.101409,0,0,0,0
2,43,0.265224,552.12,0.0200361,0.101409,0,0,0,0
3,43,0.256215,406.829,0.0189003,0.101409,0,0,0,0
4,43,0.247714,287.809,0.0188998,0.101409,0,0,0,0
5,43,0.244256,527.64,0.0201026,0.101409,0,0,0,0
1,44,0.223516,610.204,0.0249689,0.101409,0,0,0,0
2,44,0.241675,579.703,0.0254765,0.101409,0,0,0,0
3,44,0.241177,722.971,0.0261743,0.101409,0,0,0,0
4,44,0.231374,860.561,0.0261207,0.101409,0,0,0,0
5,44,0.245115,672.267,0.0256761,0.101409,0,0,0,0
1,45,0.237512,1168.52,0.0313465,0.101409,0,0,0,0
2,45,0.224015,1692.2,0.0326203,0.101409,0,0,0,0
3,45,0.227317,1215.52,0.0319345,0.101409,0,0,0,0
4,45,0.227076,840.253,0.0293151,0.101409,0,0,0,0
5,45,0.227691,1312.43,0.0306618,0.101409,0,0,0,0
1,46,0.267142,1686.7,0.0209189,0.101409,0,0,0,0
2,46,0.242554,1408.77,0.0209874,0.101409,0,0,0,0
3,46,0.210457,1231.8,0.022238,0.101409,0,0,0,0
4,46,0.226014,1096.39,0.0200363,0.101409,0,0,0,0
5,46,0.247041,1298.66,0.0206869,0.101409,0,0,0,0
1,47,0.239706,423.111,0.0163926,0.101409,0,0,0,0
2,47,0.230769,336.84,0.0156399,0.101409,0,0,0,0
3,47,0.225493,438.275,0.0171289,0.101409,0,0,0,0
4,47,0.225764,506.421,0.0173982,0.101409,0,0,0,0
5,47,0.266967,475.175,0.0186051,0.101409,0,0,0,0
1,48,0.225896,495.399,0.0230428,0.101409,0,0,0,0
2,48,0.226896,515.141,0.0237453,0.101409,0,0,0,0
3,48,0.234841,713.863,0.0241752,0.101409,0,0,0,0
4,48,0.243167,448.819,0.0239739,0.101409,0,0,0,0
5,48,0.243722,624.89,0.0244728,0.101409,0,0,0,0
1,49,0.223065,564.34,0.0231818,0.101409,0,0,0,0
2,49,0.239096,555.854,0.0216775,0.101409,0,0,0,0
3,49,0.233105,880.182,0.0240221,0.101409,0,0,0,0
4,49,0.228335,643.164,0.0235803,0.101409,0,0,0,0
5,49,0.239695,479.109,0.0208338,0.101409,0,0,0,0
1,50,0.24118,838.011,0.034587,0.101409,0,0,0,0
2,50,0.255328,818.304,0.0348391,0.101409,0,0,0,0
3,50,0.240307,843.181,0.0339776,0.101409,0,0,0,0
4,50,0.249941,747.692,0.0337589,0.101409,0,0,0,0
5,50,0.218314,551.955,0.0326615,0.101409,0,0,0,0
1,51,0.258937,1412.66,0.0277353,0.101409,0,0,0,0
2,51,0.242556,1212.29,0.0278803,0.101409,0,0,0,0
3,51,0.226306,1432.13,0.0295652,0.101409,0,0,0,0
4,51,0.228517,1007.04,0.026486,0.101409,0,0,0,0
5,51,0.231406,1119.49,0.0280117,0.101409,0,0,0,0
1,52,0.236095,1277.97,0.0262487,0.101409,0,0,0,0
2,52,0.253065,1095.65,0.0261387,0.101409,0,0,0,0
3,52,0.235609,1151.29,0.0248258,0.101409,0,0,0,0
4,52,0.214725,658.448,0.023969,0.101409,0,0,0,0
5,52,0.23843,1225.03,0.026573,0.101409,0,0,0,0
1,53,0.248385,1636.23,0.0236664,0.101409,0,0,0,0
2,53,0.230932,1654.05,0.0247356,0.101409,0,0,0,0
3,53,0.237725,1420.18,0.0235371,0.101409,0,0,0,0
4,53,0.256023,1421.43,0.0216365,0.101409,0,0,0,0
5,53,0.20864,1265.65,0.0230846,0.101409,0,0,0,0
1,54,0.221464,388.48,0.0301276,0.101409,0,0,0,0
2,54,0.249116,459.438,0.0297115,0.101409,0,0,0,0
3,54,0.245599,477.899,0.0292705,0.101409,0,0,0,0
4,54,0.256372,512.17,0.0297163,0.101409,0,0,0,0
5,54,0.255761,517.214,0.0284791,0.101409,0,0,0,0
1,55,0.220646,668.991,0.0319836,0.101409,0,0,0,0
2,55,0.231115,536.735,0.0310809,0.101409,0,0,0,0
3,55,0.247818,721.948,0.0333575,0.101409,0,0,0,0
4,55,0.243568,659.075,0.0315325,0.101409,0,0,0,0
5,55,0.233988,554.876,0.0319455,0.101409,0,0,0,0
1,56,0.22913,1369.22,0.0187338,0.101409,0,0,0,0
2,56,0.242905,1792.89,0.0198267,0.101409,0,0,0,0
3,56,0.238279,1778.96,0.0201163,0.101409,0,0,0,0
4,56,0.249415,1814.42,0.0192606,0.101409,0,0,0,0
5,56,0.232763,1634.4,0.0197517,0.101409,0,0,0,0
1,57,0.252707,457.249,0.0292383,0.101409,0,0,0,0
2,57,0.238477,564.175,0.0305699,0.101409,0,0,0,0
3,57,0.250123,735.567,0.0298547,0.101409,0,0,0,0
4,57,0.241919,548.877,0.0305957,0.101409,0,0,0,0
5,57,0.21647,294.675,0.028394,0.101409,0,0,0,0
1,58,0.21005,806.394,0.0568167,0.101409,0,0,0,0
2,58,0.255273,784.011,0.0545706,0.101409,0,0,0,0
3,58,0.220105,718.312,0.0548944,0.101409,0,0,0,0
4,58,0.225808,564.568,0.0548358,0.101409,0,0,0,0
5,58,0.238008,903.394,0.0559302,0.101409,0,0,0,0
1,59,0.285897,715.559,0.0287761,0.101409,0,0,0,0
2,59,0.222628,498.863,0.0288849,0.101409,0,0,0,0
3,59,0.234863,877.634,0.0288945,0.101409,0,0,0,0
4,59,0.237198,560.414,0.0272721,0.101409,0,0,0,0
5,59,0.233072,581.394,0.0269332,0.101409,0,0,0,0
1,60,0.251587,270.284,0.0165731,0.101409,0,0,0,0
2,60,0.24467,359.839,0.0177853,0.101409,0,0,0,0
3,60,0.240013,354.765,0.0170318,0.101409,0,0,0,0
4,60,0.237245,261.592,0.0159503,0.101409,0,0,0,0
5,60,0.223368,249.433,0.015494,0.101409,0,0,0,0
1,61,0.241597,1865.67,0.0199144,0.101409,0,0,0,0
2,61,0.21327,1629.02,0.0212304,0.101409,0,0,0,0
3,61,0.249382,1349.6,0.0208539,0.101409,0,0,0,0
4,61,0.237524,1619.48,0.0201472,0.101409,0,0,0,0
5,61,0.22815,1839.22,0.0213664,0.101409,0,0,0,0
1,62,0.246264,522.302,0.0227038,0.101409,0,0,0,0
2,62,0.250439,573.827,0.0228192,0.101409,0,0,0,0
3,62,0.242931,606.186,0.0243328,0.101409,0,0,0,0
4,62,0.25691,740.905,0.0235699,0.101409,0,0,0,0
5,62,0.237752,517.166,0.0223454,0.101409,0,0,0,0
1,63,0.241474,3107.65,0.0333439,0.101409,0,0,0,0
2,63,0.212433,1995.32,0.033066,0.101409,0,0,0,0
3,63,0.270262,3789.02,0.0333511,0.101409,0,0,0,0
4,63,0.237072,2463.58,0.0338585,0.101409,0,0,0,0
5,63,0.2274,2419.32,0.032925,0.101409,0,0,0,0
1,64,0.238023,760.667,0.0196813,0.101409,0,0,0,0
2,64,0.263996,655.242,0.0191441,0.101409,0,0,0,0
3,64,0.270979,721.075,0.0185604,0.101409,0,0,0,0
4,64,0.250293,638.769,0.0192472,0.101409,0,0,0,0
5,64,0.224882,819.649,0.0194664,0.101409,0,0,0,0
1,65,0.253623,623.697,0.0259326,0.101409,0,0,0,0
2,65,0.243089,505.335,0.0261336,0.101409,0,0,0,0
3,65,0.226485,508.617,0.0257271,0.101409,0,0,0,0
4,65,0.245818,630.846,0.0272039,0.101409,0,0,0,0
5,65,0.213553,718.819,0.0272448,0.101409,0,0,0,0
1,66,0.267306,394.564,0.0241971,0.101409,0,0,0,0
2,66,0.238843,361.628,0.0230431,0.101409,0,0,0,0
3,66,0.233572,379.638,0.0256279,0.101409,0,0,0,0
4,66,0.232843,670.357,0.0267935,0.101409,0,0,0,0
5,66,0.235573,397.851,0.0235275,0.101409,0,0,0,0
1,67,0.268845,764.426,0.0170619,0.101409,0,0,0,0
2,67,0.230249,566.171,0.0178927,0.101409,0,0,0,0
3,67,0.255742,624.345,0.0164968,0.101409,0,0,0,0
4,67,0.248345,490.238,0.0167573,0.101409,0,0,0,0
5,67,0.250664,409.991,0.0154229,0.101409,0,0,0,0
1,68,0.259816,431.014,0.0204717,0.101409,0,0,0,0
2,68,0.254328,918.45,0.0244673,0.101409,0,0,0,0
3,68,0.284725,572.285,0.0218785,0.101409,0,0,0,0
4,68,0.218666,407.635,0.0235108,0.101409,0,0,0,0
5,68,0.195825,434.133,0.0220897,0.101409,0,0,0,0
1,69,0.232249,517.233,0.0362094,0.101409,0,0,0,0
2,69,0.257927,469.064,0.0342472,0.101409,0,0,0,0
3,69,0.24641,696.595,0.0362317,0.101409,0,0,0,0
4,69,0.25157,618.493,0.0342974,0.101409,0,0,0,0
5,69,0.247176,632.749,0.0351359,0.101409,0,0,0,0
1,70,0.23675,1764.03,0.0265525,0.101409,0,0,0,0
2,70,0.205925,1568.28,0.026547,0.101409,0,0,0,0
3,70,0.246534,1422.35,0.0256139,0.101409,0,0,0,0
4,70,0.22568,1710.86,0.0254797,0.101409,0,0,0,0
5,70,0.216294,2088.54,0.0275837,0.101409,0,0,0,0
1,71,0.255487,426.981,0.0306143,0.101409,0,0,0,0
2,71,0.211156,418.519,0.0325243,0.101409,0,0,0,0
3,71,0.239396,320.95,0.0298787,0.101409,0,0,0,0
4,71,0.240354,344.358,0.0308975,0.101409,0,0,0,0
5,71,0.23661,303.303,0.0300074,0.101409,0,0,0,0
1,72,0.245865,713.283,0.0266077,0.101409,0,0,0,0
2,72,0.242364,769.133,0.0253679,0.101409,0,0,0,0
3,72,0.233773,695.89,0.0259183,0.101409,0,0,0,0
4,72,0.264647,876.424,0.0277609,0.101409,0,0,0,0
5,72,0.234522,688.682,0.0265501,0.101409,0,0,0,0
1,73,0.255526,983.351,0.0373585,0.101409,0,0,0,0
2,73,0.251733,877.529,0.0360935,0.101409,0,0,0,0
3,73,0.233133,589.101,0.0338028,0.101409,0,0,0,0
4,73,0.256974,948.489,0.0366733,0.101409,0,0,0,0
5,73,0.250553,585.923,0.0348153,0.101409,0,0,0,0
1,74,0.211245,694.015,0.0202281,0.101409,0,0,0,0
2,74,0.247149,592.068,0.0197131,0.101409,0,0,0,0
3,74,0.296065,634.417,0.018133,0.101409,0,0,0,0
4,74,0.250413,806.267,0.0211424,0.101409,0,0,0,0
5,74,0.231187,851.128,0.0202131,0.101409,0,0,0,0
1,75,0.246475,281.31,0.0199676,0.101409,0,0,0,0
2,75,0.249691,281.572,0.0198618,0.101409,0,0,0,0
3,75,0.252688,174.725,0.0176936,0.101409,0,0,0,0
4,75,0.243122,320.453,0.021166,0.101409,0,0,0,0
5,75,0.239858,309.615,0.0222039,0.101409,0,0,0,0
1,76,0.230021,293.844,0.0289397,0.101409,0,0,0,0
2,76,0.251654,293.264,0.0285626,0.101409,0,0,0,0
3,76,0.255204,368.245,0.0290484,0.101409,0,0,0,0
4,76,0.242181,317.02,0.029099,0.101409,0,0,0,0
5,76,0.255082,334.677,0.0292513,0.101409,0,0,0,0
1,77,0.220417,166.208,0.0226275,0.101409,0,0,0,0
2,77,0.227449,250.663,0.0239327,0.101409,0,0,0,0
3,77,0.249191,339.585,0.0252856,0.101409,0,0,0,0
4,77,0.281947,373.194,0.0246733,0.101409,0,0,0,0
5,77,0.246005,281.323,0.0254526,0.101409,0,0,0,0
1,78,0.269585,1340.76,0.0287868,0.101409,0,0,0,0
2,78,0.232327,1335.33,0.029223,0.101409,0,0,0,0
3,78,0.25461,1472.59,0.0290499,0.101409,0,0,0,0
4,78,0.236727,1428.14,0.0290669,0.101409,0,0,0,0
5,78,0.228768,1088.19,0.0287923,0.101409,0,0,0,0
1,79,0.229128,685.357,0.0351909,0.101409,0,0,0,0
2,79,0.24121,772.46,0.0339923,0.101409,0,0,0,0
3,79,0.232189,801.422,0.0352017,0.101409,0,0,0,0
4,79,0.257541,635.997,0.0325081,0.101409,0,0,0,0
5,79,0.24075,495.052,0.0321356,0.101409,0,0,0,0
1,80,0.225376,494.878,0.0269508,0.101409,0,0,0,0
2,80,0.256363,709.984,0.0283524,0.101409,0,0,0,0
3,80,0.252676,609.112,0.0285732,0.101409,0,0,0,0
4,80,0.259618,419.919,0.0265128,0.101409,0,0,0,0
5,80,0.235142,585.033,0.028608,0.101409,0,0,0,0
1,81,0.227174,769.132,0.017711,0.101409,0,0,0,0
2,81,0.258685,541.191,0.014798,0.101409,0,0,0,0
3,81,0.235047,574.857,0.0153834,0.101409,0,0,0,0
4,81,0.227618,566.812,0.0146556,0.101409,0,0,0,0
5,81,0.2549,512.616,0.0138778,0.101409,0,0,0,0
1,82,0.235432,438.453,0.0279914,0.101409,0,0,0,0
2,82,0.262978,569.094,0.0282947,0.101409,0,0,0,0
3,82,0.223148,438.797,0.0294039,0.101409,0,0,0,0
4,82,0.247735,609.878,0.030511,0.101409,0,0,0,0
5,82,0.216989,523,0.0294899,0.101409,0,0,0,0
1,83,0.254491,225.616,0.0434402,0.101409,0,0,0,0
2,83,0.234469,201.376,0.0417567,0.101409,0,0,0,0
3,83,0.20871,133.504,0.038986,0.101409,0,0,0,0
4,83,0.244801,306.619,0.0426026,0.101409,0,0,0,0
5,83,0.259336,311.199,0.042696,0.101409,0,0,0,0
1,84,0.267403,1006.26,0.0257338,0.101409,0,0,0,0
2,84,0.231873,516.367,0.0242105,0.101409,0,0,0,0
3,84,0.22955,857.148,0.0267721,0.101409,0,0,0,0
4,84,0.22809,822.625,0.0250471,0.101409,0,0,0,0
5,84,0.245123,882.023,0.0266166,0.101409,0,0,0,0
1,85,0.256964,481.196,0.0425021,0.101409,0,0,0,0
2,85,0.223866,397.58,0.043366,0.101409,0,0,0,0
3,85,0.245524,394.909,0.0414065,0.101409,0,0,0,0
4,85,0.227239,396.689,0.0412104,0.101409,0,0,0,0
5,85,0.2413,345.01,0.0416789,0.101409,0,0,0,0
1,86,0.24761,364.293,0.0222463,0.101409,0,0,0,0
2,86,0.229516,288.752,0.0204234,0.101409,0,0,0,0
3,86,0.262212,360.487,0.0212852,0.101409,0,0,0,0
4,86,0.243456,375.101,0.0215906,0.101409,0,0,0,0
5,86,0.232285,366.054,0.0213064,0.101409,0,0,0,0
1,87,0.232157,1345.95,0.0268761,0.101409,0,0,0,0
2,87,0.251819,1849.52,0.0285115,0.101409,0,0,0,0
3,87,0.236888,1130.44,0.0243,0.101409,0,0,0,0
4,87,0.239694,1124.38,0.0246392,0.101409,0,0,0,0
5,87,0.252037,2132.15,0.0285941,0.101409,0,0,0,0
1,88,0.229943,1029.49,0.0152531,0.101409,0,0,0,0
2,88,0.240363,1221.58,0.0155175,0.101409,0,0,0,0
3,88,0.243999,820.489,0.0148945,0.101409,0,0,0,0
4,88,0.245634,1056.62,0.0165154,0.101409,0,0,0,0
5,88,0.248763,846.833,0.0136064,0.101409,0,0,0,0
1,89,0.239374,371.297,0.0154886,0.101409,0,0,0,0
2,89,0.229313,560.954,0.018679,0.101409,0,0,0,0
3,89,0.251588,538.072,0.0174465,0.101409,0,0,0,0
4,89,0.231006,429.85,0.0168972,0.101409,0,0,0,0
5,89,0.229533,375.034,0.0157548,0.101409,0,0,0,0
1,90,0.259259,267.873,0.0253258,0.101409,0,0,0,0
2,90,0.221198,391.426,0.0273674,0.101409,0,0,0,0
3,90,0.236078,317.57,0.0259189,0.101409,0,0,0,0
4,90,0.262793,498.544,0.0270069,0.101409,0,0,0,0
5,90,0.258393,373.182,0.0265374,0.101409,0,0,0,0
1,91,0.262245,1178.78,0.0249649,0.101409,0,0,0,0
2,91,0.247478,1042.62,0.025387,0.101409,0,0,0,0
3,91,0.252768,911.935,0.0253123,0.101409,0,0,0,0
4,91,0.235001,1032.75,0.0256966,0.101409,0,0,0,0
5,91,0.25741,1129.25,0.0247193,0.101409,0,0,0,0
1,92,0.237138,477.59,0.0100543,0.101409,0,0,0,0
2,92,0.239412,507.033,0.0105194,0.101409,0,0,0,0
3,92,0.25252,366.367,0.00892101,0.101409,0,0,0,0
4,92,0.255093,504.828,0.00899359,0.101409,0,0,0,0
5,92,0.261726,516.685,0.0102619,0.101409,0,0,0,0
1,93,0.248615,397.12,0.0146845,0.101409,0,0,0,0
2,93,0.243722,563.146,0.0167324,0.101409,0,0,0,0
3,93,0.250815,442.676,0.0156024,0.101409,0,0,0,0
4,93,0.242433,453.624,0.0139113,0.101409,0,0,0,0
5,93,0.254144,502.561,0.0164898,0.101409,0,0,0,0
1,94,0.223114,900.342,0.0227438,0.101409,0,0,0,0
2,94,0.25245,911.508,0.0241563,0.101409,0,0,0,0
3,94,0.233332,781.905,0.0218236,0.101409,0,0,0,0
4,94,0.242592,646.549,0.0217713,0.101409,0,0,0,0
5,94,0.227764,859.508,0.023479,0.101409,0,0,0,0
1,95,0.254905,332.407,0.0248465,0.101409,0,0,0,0
2,95,0.233345,285.042,0.0244271,0.101409,0,0,0,0
3,95,0.228593,223.429,0.0238002,0.101409,0,0,0,0
4,95,0.253021,341.871,0.0249917,0.101409,0,0,0,0
5,95,0.235102,343.301,0.0265922,0.101409,0,0,0,0
1,96,0.290968,159.873,0.0189161,0.101409,0,0,0,0
2,96,0.244794,172.371,0.0217525,0.101409,0,0,0,0
3,96,0.25368,137.724,0.0198528,0.101409,0,0,0,0
4,96,0.235514,150.128,0.0211657,0.101409,0,0,0,0
5,96,0.211649,170.537,0.0211224,0.101409,0,0,0,0
1,97,0.209964,1023.27,0.0473154,0.101409,0,0,0,0
2,97,0.23679,958.227,0.0481643,0.101409,0,0,0,0
3,97,0.2427,1116.58,0.0482744,0.101409,0,0,0,0
4,97,0.23457,886.847,0.0469706,0.101409,0,0,0,0
5,97,0.254677,1036.88,0.0469174,0.101409,0,0,0,0
1,98,0.244313,269.328,0.0378556,0.101409,0,0,0,0
2,98,0.210677,289.992,0.0379207,0.101409,0,0,0,0
3,98,0.22174,250.701,0.0389729,0.101409,0,0,0,0
4,98,0.239435,246.544,0.0388553,0.101409,0,0,0,0
5,98,0.234468,297.719,0.0388848,0.101409,0,0,0,0
1,99,0.245176,893.332,0.0231843,0.101409,0,0,0,0
2,99,0.23036,1079.62,0.0256207,0.101409,0,0,0,0
3,99,0.23281,704.42,0.0252466,0.101409,0,0,0,0
4,99,0.232618,904.977,0.0243743,0.101409,0,0,0,0
5,99,0.240576,888.98,0.023359,0.101409,0,0,0,0
1,100,0.250208,674.954,0.0238867,0.101409,0,0,0,0
2,100,0.238228,619.693,0.0237328,0.101409,0,0,0,0
3,100,0.201949,614.827,0.0238785,0.101409,0,0,0,0
4,100,0.2463,588.023,0.022671,0.101409,0,0,0,0
5,100,0.243843,691.834,0.0232973,0.101409,0,0,0,0
