id,time,yS,group
1,0,0.3652166836649557,simulationGroup1
1,50,208.815420460446,simulationGroup1
1,100,419.642441536275,simulationGroup1
2,0,0.9980412358424827,simulationGroup1
2,50,231.582393124799,simulationGroup1
2,100,463.170033599811,simulationGroup1
3,0,-0.4738839241325455,simulationGroup1
3,50,189.547646090605,simulationGroup1
3,100,379.85184221018,simulationGroup1
4,0,0.2029590775203269,simulationGroup1
4,50,265.29733955179,simulationGroup1
4,100,530.152748863665,simulationGroup1
5,0,0.9081937565294732,simulationGroup1
5,50,181.494098988942,simulationGroup1
5,100,361.805183801337,simulationGroup1
6,0,-0.203336598039853,simulationGroup1
6,50,202.816048007228,simulationGroup1
6,100,405.296069759422,simulationGroup1
7,0,-0.1267031023778378,simulationGroup1
7,50,210.595630745796,simulationGroup1
7,100,422.633743924396,simulationGroup1
8,0,0.0088541009032213,simulationGroup1
8,50,211.457005572947,simulationGroup1
8,100,422.617394195492,simulationGroup1
9,0,-0.5021602640737735,simulationGroup1
9,50,101.302108772818,simulationGroup1
9,100,201.231110052844,simulationGroup1
10,0,0.7347635147981023,simulationGroup1
10,50,163.746556812235,simulationGroup1
10,100,328.540393410874,simulationGroup1
11,0,-0.0258904540191192,simulationGroup1
11,50,207.124854393417,simulationGroup1
11,100,415.259919262829,simulationGroup1
12,0,1.19809785697318,simulationGroup1
12,50,229.808549942929,simulationGroup1
12,100,460.288124085938,simulationGroup1
13,0,-0.0123448725862845,simulationGroup1
13,50,197.986469466861,simulationGroup1
13,100,396.000967539366,simulationGroup1
14,0,0.1698603136780729,simulationGroup1
14,50,127.251002877168,simulationGroup1
14,100,253.67656822635,simulationGroup1
15,0,-0.2105740620339044,simulationGroup1
15,50,238.651288973028,simulationGroup1
15,100,474.432123294918,simulationGroup1
16,0,0.0303435390639809,simulationGroup1
16,50,192.728896207843,simulationGroup1
16,100,385.385073719798,simulationGroup1
17,0,-0.0906887771527066,simulationGroup1
17,50,253.783297752256,simulationGroup1
17,100,507.818779654608,simulationGroup1
18,0,0.0463285213249354,simulationGroup1
18,50,236.233181589248,simulationGroup1
18,100,471.431897828922,simulationGroup1
19,0,0.9056003796187403,simulationGroup1
19,50,185.058508401717,simulationGroup1
19,100,372.012052776567,simulationGroup1
20,0,-0.3246939036705044,simulationGroup1
20,50,164.969590965563,simulationGroup1
20,100,329.236996035514,simulationGroup1
21,0,-0.3041989410675892,simulationGroup1
21,50,175.763885955438,simulationGroup1
21,100,351.201374332875,simulationGroup1
22,0,-0.1788365286295549,simulationGroup1
22,50,165.857384382048,simulationGroup1
22,100,330.595158965571,simulationGroup1
23,0,-0.0333585815507952,simulationGroup1
23,50,131.619373817206,simulationGroup1
23,100,263.954853937522,simulationGroup1
24,0,-1.00780721279475,simulationGroup1
24,50,180.508806848374,simulationGroup1
24,100,360.052433290762,simulationGroup1
25,0,-0.5101628868182078,simulationGroup1
25,50,200.097754588657,simulationGroup1
25,100,398.520116586502,simulationGroup1
26,0,-0.5232210404071999,simulationGroup1
26,50,182.849161049733,simulationGroup1
26,100,365.955555366616,simulationGroup1
27,0,0.6535510558437846,simulationGroup1
27,50,240.448608309729,simulationGroup1
27,100,481.090600277094,simulationGroup1
28,0,-0.1241183275205113,simulationGroup1
28,50,212.591361162415,simulationGroup1
28,100,425.04865469616,simulationGroup1
29,0,-0.3087821793720129,simulationGroup1
29,50,148.653957295487,simulationGroup1
29,100,299.655628913054,simulationGroup1
30,0,-0.095219645719689,simulationGroup1
30,50,240.162557425314,simulationGroup1
30,100,481.318184053813,simulationGroup1
31,0,-0.1460733705681415,simulationGroup1
31,50,209.956155837218,simulationGroup1
31,100,419.353843578102,simulationGroup1
32,0,-0.610633432130698,simulationGroup1
32,50,205.050172814576,simulationGroup1
32,100,410.452851800817,simulationGroup1
33,0,0.5284837647597425,simulationGroup1
33,50,177.079329423944,simulationGroup1
33,100,353.73109776322,simulationGroup1
34,0,-0.310802548819216,simulationGroup1
34,50,151.004900587415,simulationGroup1
34,100,302.8051718748,simulationGroup1
35,0,-0.9605390557236332,simulationGroup1
35,50,263.534357514758,simulationGroup1
35,100,527.206641370409,simulationGroup1
36,0,0.540091705919343,simulationGroup1
36,50,178.687457732788,simulationGroup1
36,100,356.32315415499,simulationGroup1
37,0,0.3377670564091776,simulationGroup1
37,50,176.08671748235,simulationGroup1
37,100,351.72557103825,simulationGroup1
38,0,-0.4910222442539559,simulationGroup1
38,50,233.571839490222,simulationGroup1
38,100,468.856339862072,simulationGroup1
39,0,-0.4172344090930986,simulationGroup1
39,50,237.486779373596,simulationGroup1
39,100,475.00638590339,simulationGroup1
40,0,0.429802671558377,simulationGroup1
40,50,185.52329329787,simulationGroup1
40,100,368.716819774329,simulationGroup1
41,0,-0.2985665868550479,simulationGroup1
41,50,241.45642451058,simulationGroup1
41,100,482.60581136774,simulationGroup1
42,0,-0.2547660780977509,simulationGroup1
42,50,201.470653040042,simulationGroup1
42,100,403.731792954586,simulationGroup1
43,0,0.3623615799873486,simulationGroup1
43,50,186.848973166791,simulationGroup1
43,100,373.310990371468,simulationGroup1
44,0,-0.2736077094635603,simulationGroup1
44,50,200.492593568071,simulationGroup1
44,100,400.563896861226,simulationGroup1
45,0,-1.26320361515089,simulationGroup1
45,50,233.291656074668,simulationGroup1
45,100,466.080646713248,simulationGroup1
46,0,0.260511386895233,simulationGroup1
46,50,166.572770318554,simulationGroup1
46,100,333.259886607183,simulationGroup1
47,0,-0.9909120904920092,simulationGroup1
47,50,146.591592210479,simulationGroup1
47,100,293.427246373189,simulationGroup1
48,0,0.5553054691113233,simulationGroup1
48,50,188.906456000903,simulationGroup1
48,100,377.359500720937,simulationGroup1
49,0,0.3172914469235678,simulationGroup1
49,50,192.116541324912,simulationGroup1
49,100,386.07605460235,simulationGroup1
50,0,-0.4838290532362914,simulationGroup1
50,50,243.337174958914,simulationGroup1
50,100,485.935413812285,simulationGroup1
