id,time,yG3,popPred_medianCOV,popPred,indivPred_SAEM,indivPred_mean,indWRes_SAEM,indWRes_mean
1,1,0.338212,0,0,0,0,0.872136,0.872136
1,2,0.200576,0,0,0,0,0.517218,0.517218
1,3,-0.134131,0,0,0,0,-0.345879,-0.345879
1,4,-0.501667,0,0,0,0,-1.29363,-1.29363
1,5,0.243434,0,0,0,0,0.627735,0.627735
1,6,0.0862906,0,0,0,0,0.222515,0.222515
1,7,-0.571982,0,0,0,0,-1.47495,-1.47495
1,8,-0.439282,0,0,0,0,-1.13276,-1.13276
1,9,0.118168,0,0,0,0,0.304716,0.304716
1,10,-0.220348,0,0,0,0,-0.568204,-0.568204
1,11,-0.0328059,0,0,0,0,-0.0845954,-0.0845954
1,12,0.480394,0,0,0,0,1.23878,1.23878
1,13,0.370277,0,0,0,0,0.95482,0.95482
1,14,0.0015697,0,0,0,0,0.00404773,0.00404773
1,15,0.164109,0,0,0,0,0.423182,0.423182
1,16,-0.174409,0,0,0,0,-0.449742,-0.449742
1,17,0.199959,0,0,0,0,0.515627,0.515627
1,18,0.258482,0,0,0,0,0.666539,0.666539
1,19,0.0667552,0,0,0,0,0.172139,0.172139
1,20,-0.135569,0,0,0,0,-0.349587,-0.349587
1,21,0.189389,0,0,0,0,0.488371,0.488371
2,1,0.090671,0,0,0,0,0.23381,0.23381
2,2,0.240545,0,0,0,0,0.620285,0.620285
2,3,0.323449,0,0,0,0,0.834067,0.834067
2,4,0.00135943,0,0,0,0,0.00350551,0.00350551
2,5,0.42865,0,0,0,0,1.10534,1.10534
2,6,0.973832,0,0,0,0,2.51119,2.51119
2,7,-0.149267,0,0,0,0,-0.38491,-0.38491
2,8,-0.7073,0,0,0,0,-1.82389,-1.82389
2,9,0.106532,0,0,0,0,0.27471,0.27471
2,10,-0.0450138,0,0,0,0,-0.116076,-0.116076
2,11,0.177283,0,0,0,0,0.457154,0.457154
2,12,0.402112,0,0,0,0,1.03691,1.03691
2,13,0.142043,0,0,0,0,0.366281,0.366281
2,14,-0.0759682,0,0,0,0,-0.195897,-0.195897
2,15,0.504463,0,0,0,0,1.30084,1.30084
2,16,0.108223,0,0,0,0,0.279071,0.279071
2,17,0.000366205,0,0,0,0,0.00094432,0.00094432
2,18,-0.449569,0,0,0,0,-1.15929,-1.15929
2,19,0.188705,0,0,0,0,0.486607,0.486607
2,20,-0.180137,0,0,0,0,-0.464513,-0.464513
2,21,-0.0873753,0,0,0,0,-0.225312,-0.225312
3,1,0.0719306,0,0,0,0,0.185485,0.185485
3,2,0.00771635,0,0,0,0,0.0198979,0.0198979
3,3,0.588743,0,0,0,0,1.51817,1.51817
3,4,0.0689899,0,0,0,0,0.177902,0.177902
3,5,-0.591487,0,0,0,0,-1.52525,-1.52525
3,6,-0.685549,0,0,0,0,-1.7678,-1.7678
3,7,-0.204874,0,0,0,0,-0.528301,-0.528301
3,8,-0.234185,0,0,0,0,-0.603885,-0.603885
3,9,-0.772803,0,0,0,0,-1.9928,-1.9928
3,10,0.175425,0,0,0,0,0.452362,0.452362
3,11,-0.0603702,0,0,0,0,-0.155675,-0.155675
3,12,0.365852,0,0,0,0,0.94341,0.94341
3,13,-0.457517,0,0,0,0,-1.17978,-1.17978
3,14,-0.198231,0,0,0,0,-0.511171,-0.511171
3,15,0.62843,0,0,0,0,1.62051,1.62051
3,16,0.0777838,0,0,0,0,0.200578,0.200578
3,17,0.380386,0,0,0,0,0.980888,0.980888
3,18,0.782113,0,0,0,0,2.01681,2.01681
3,19,-0.163377,0,0,0,0,-0.421295,-0.421295
3,20,0.288294,0,0,0,0,0.743414,0.743414
3,21,-0.436714,0,0,0,0,-1.12614,-1.12614
4,1,0.111717,0,0,0,0,0.288081,0.288081
4,2,0.292671,0,0,0,0,0.754701,0.754701
4,3,-0.233581,0,0,0,0,-0.602327,-0.602327
4,4,0.608045,0,0,0,0,1.56794,1.56794
4,5,0.0499394,0,0,0,0,0.128777,0.128777
4,6,-0.0333162,0,0,0,0,-0.0859113,-0.0859113
4,7,-0.125405,0,0,0,0,-0.323378,-0.323378
4,8,-0.146417,0,0,0,0,-0.37756,-0.37756
4,9,-0.652758,0,0,0,0,-1.68324,-1.68324
4,10,0.156228,0,0,0,0,0.40286,0.40286
4,11,-0.772855,0,0,0,0,-1.99293,-1.99293
4,12,0.284517,0,0,0,0,0.733674,0.733674
4,13,-0.700458,0,0,0,0,-1.80625,-1.80625
4,14,0.329106,0,0,0,0,0.848654,0.848654
4,15,0.0279653,0,0,0,0,0.0721131,0.0721131
4,16,-0.416731,0,0,0,0,-1.07461,-1.07461
4,17,0.04429,0,0,0,0,0.114209,0.114209
4,18,0.443663,0,0,0,0,1.14406,1.14406
4,19,0.263993,0,0,0,0,0.68075,0.68075
4,20,0.206902,0,0,0,0,0.533531,0.533531
4,21,-0.0746486,0,0,0,0,-0.192494,-0.192494
5,1,-0.110267,0,0,0,0,-0.284342,-0.284342
5,2,0.427509,0,0,0,0,1.1024,1.1024
5,3,-0.0137207,0,0,0,0,-0.0353811,-0.0353811
5,4,0.94746,0,0,0,0,2.44318,2.44318
5,5,0.33481,0,0,0,0,0.863363,0.863363
5,6,-0.532456,0,0,0,0,-1.37303,-1.37303
5,7,-0.975499,0,0,0,0,-2.51549,-2.51549
5,8,0.702778,0,0,0,0,1.81223,1.81223
5,9,0.48708,0,0,0,0,1.25602,1.25602
5,10,0.446509,0,0,0,0,1.1514,1.1514
5,11,0.241755,0,0,0,0,0.623405,0.623405
5,12,0.918969,0,0,0,0,2.36971,2.36971
5,13,-0.316494,0,0,0,0,-0.816132,-0.816132
5,14,0.0165279,0,0,0,0,0.0426199,0.0426199
5,15,0.121416,0,0,0,0,0.313091,0.313091
5,16,-0.821711,0,0,0,0,-2.11892,-2.11892
5,17,-0.362511,0,0,0,0,-0.934795,-0.934795
5,18,0.123904,0,0,0,0,0.319507,0.319507
5,19,-0.260367,0,0,0,0,-0.671399,-0.671399
5,20,0.286903,0,0,0,0,0.739827,0.739827
5,21,-0.108575,0,0,0,0,-0.279979,-0.279979
6,1,0.0691407,0,0,0,0,0.178291,0.178291
6,2,-0.0490039,0,0,0,0,-0.126365,-0.126365
6,3,-0.128619,0,0,0,0,-0.331665,-0.331665
6,4,-0.305601,0,0,0,0,-0.788043,-0.788043
6,5,0.185161,0,0,0,0,0.477468,0.477468
6,6,0.0475888,0,0,0,0,0.122716,0.122716
6,7,0.186791,0,0,0,0,0.481671,0.481671
6,8,0.13617,0,0,0,0,0.351137,0.351137
6,9,-0.989084,0,0,0,0,-2.55052,-2.55052
6,10,0.519223,0,0,0,0,1.3389,1.3389
6,11,0.297191,0,0,0,0,0.766356,0.766356
6,12,-0.14471,0,0,0,0,-0.373159,-0.373159
6,13,0.0479898,0,0,0,0,0.12375,0.12375
6,14,-0.131009,0,0,0,0,-0.337828,-0.337828
6,15,-0.224104,0,0,0,0,-0.577889,-0.577889
6,16,-0.417864,0,0,0,0,-1.07753,-1.07753
6,17,-0.560223,0,0,0,0,-1.44463,-1.44463
6,18,-0.134096,0,0,0,0,-0.345789,-0.345789
6,19,-0.442823,0,0,0,0,-1.14189,-1.14189
6,20,0.367712,0,0,0,0,0.948206,0.948206
6,21,-0.381865,0,0,0,0,-0.984702,-0.984702
7,1,-0.200049,0,0,0,0,-0.515859,-0.515859
7,2,0.214495,0,0,0,0,0.553111,0.553111
7,3,-0.0631997,0,0,0,0,-0.162971,-0.162971
7,4,0.0944068,0,0,0,0,0.243444,0.243444
7,5,0.409201,0,0,0,0,1.05519,1.05519
7,6,0.127076,0,0,0,0,0.327686,0.327686
7,7,0.0649311,0,0,0,0,0.167436,0.167436
7,8,-0.544931,0,0,0,0,-1.40519,-1.40519
7,9,0.600405,0,0,0,0,1.54824,1.54824
7,10,0.163275,0,0,0,0,0.421032,0.421032
7,11,0.681018,0,0,0,0,1.75612,1.75612
7,12,0.160693,0,0,0,0,0.414373,0.414373
7,13,-0.186091,0,0,0,0,-0.479866,-0.479866
7,14,-0.705851,0,0,0,0,-1.82015,-1.82015
7,15,0.127641,0,0,0,0,0.329143,0.329143
7,16,0.242874,0,0,0,0,0.626291,0.626291
7,17,0.123107,0,0,0,0,0.317452,0.317452
7,18,0.258447,0,0,0,0,0.666448,0.666448
7,19,-0.0617658,0,0,0,0,-0.159273,-0.159273
7,20,0.121786,0,0,0,0,0.314045,0.314045
7,21,0.184733,0,0,0,0,0.476365,0.476365
8,1,-0.098328,0,0,0,0,-0.253555,-0.253555
8,2,0.51907,0,0,0,0,1.33851,1.33851
8,3,0.00179643,0,0,0,0,0.00463239,0.00463239
8,4,0.0862561,0,0,0,0,0.222426,0.222426
8,5,-0.287084,0,0,0,0,-0.740294,-0.740294
8,6,-0.376404,0,0,0,0,-0.97062,-0.97062
8,7,-0.455345,0,0,0,0,-1.17418,-1.17418
8,8,-0.17343,0,0,0,0,-0.447218,-0.447218
8,9,0.128263,0,0,0,0,0.330747,0.330747
8,10,0.426729,0,0,0,0,1.10039,1.10039
8,11,-0.239443,0,0,0,0,-0.617443,-0.617443
8,12,-0.0508242,0,0,0,0,-0.131059,-0.131059
8,13,0.368835,0,0,0,0,0.951102,0.951102
8,14,0.688031,0,0,0,0,1.7742,1.7742
8,15,0.437376,0,0,0,0,1.12785,1.12785
8,16,-0.00712182,0,0,0,0,-0.0183648,-0.0183648
8,17,0.244058,0,0,0,0,0.629344,0.629344
8,18,0.381264,0,0,0,0,0.983152,0.983152
8,19,0.308107,0,0,0,0,0.794505,0.794505
8,20,0.562751,0,0,0,0,1.45115,1.45115
8,21,0.674056,0,0,0,0,1.73816,1.73816
9,1,-0.381831,0,0,0,0,-0.984614,-0.984614
9,2,-0.196714,0,0,0,0,-0.50726,-0.50726
9,3,0.454133,0,0,0,0,1.17106,1.17106
9,4,0.198034,0,0,0,0,0.510663,0.510663
9,5,-0.645701,0,0,0,0,-1.66505,-1.66505
9,6,0.201728,0,0,0,0,0.520189,0.520189
9,7,-0.164568,0,0,0,0,-0.424366,-0.424366
9,8,-0.453053,0,0,0,0,-1.16827,-1.16827
9,9,-0.267287,0,0,0,0,-0.689244,-0.689244
9,10,0.615698,0,0,0,0,1.58768,1.58768
9,11,-0.27842,0,0,0,0,-0.717952,-0.717952
9,12,-0.107966,0,0,0,0,-0.278408,-0.278408
9,13,0.209053,0,0,0,0,0.539078,0.539078
9,14,0.386725,0,0,0,0,0.997234,0.997234
9,15,0.0151254,0,0,0,0,0.0390033,0.0390033
9,16,-0.259393,0,0,0,0,-0.668888,-0.668888
9,17,0.255181,0,0,0,0,0.658026,0.658026
9,18,0.487379,0,0,0,0,1.25679,1.25679
9,19,-0.297215,0,0,0,0,-0.766418,-0.766418
9,20,0.268303,0,0,0,0,0.691864,0.691864
9,21,1.40662,0,0,0,0,3.6272,3.6272
10,1,-0.561135,0,0,0,0,-1.44698,-1.44698
10,2,-0.0583058,0,0,0,0,-0.150351,-0.150351
10,3,-0.212518,0,0,0,0,-0.548013,-0.548013
10,4,0.301441,0,0,0,0,0.777315,0.777315
10,5,0.165914,0,0,0,0,0.427837,0.427837
10,6,-0.237543,0,0,0,0,-0.612544,-0.612544
10,7,0.234073,0,0,0,0,0.603596,0.603596
10,8,0.1481,0,0,0,0,0.3819,0.3819
10,9,-0.314296,0,0,0,0,-0.810464,-0.810464
10,10,-0.157591,0,0,0,0,-0.406374,-0.406374
10,11,-0.60422,0,0,0,0,-1.55808,-1.55808
10,12,0.203969,0,0,0,0,0.525968,0.525968
10,13,0.335881,0,0,0,0,0.866125,0.866125
10,14,-0.99985,0,0,0,0,-2.57828,-2.57828
10,15,0.452868,0,0,0,0,1.16779,1.16779
10,16,-0.294265,0,0,0,0,-0.758811,-0.758811
10,17,-1.00709,0,0,0,0,-2.59695,-2.59695
10,18,-0.162816,0,0,0,0,-0.419848,-0.419848
10,19,0.189629,0,0,0,0,0.48899,0.48899
10,20,0.0690662,0,0,0,0,0.178099,0.178099
10,21,0.287854,0,0,0,0,0.742279,0.742279
11,1,0.370511,0,0,0,0,0.955424,0.955424
11,2,0.170428,0,0,0,0,0.439477,0.439477
11,3,-0.265044,0,0,0,0,-0.68346,-0.68346
11,4,-0.414818,0,0,0,0,-1.06968,-1.06968
11,5,0.297792,0,0,0,0,0.767906,0.767906
11,6,-0.0592367,0,0,0,0,-0.152752,-0.152752
11,7,-0.0723396,0,0,0,0,-0.18654,-0.18654
11,8,0.278001,0,0,0,0,0.716872,0.716872
11,9,0.344891,0,0,0,0,0.889358,0.889358
11,10,-0.423553,0,0,0,0,-1.0922,-1.0922
11,11,-0.000626181,0,0,0,0,-0.00161471,-0.00161471
11,12,-0.60818,0,0,0,0,-1.56829,-1.56829
11,13,0.33632,0,0,0,0,0.867257,0.867257
11,14,-0.18692,0,0,0,0,-0.482004,-0.482004
11,15,-0.195153,0,0,0,0,-0.503234,-0.503234
11,16,-0.455037,0,0,0,0,-1.17339,-1.17339
11,17,-0.0986834,0,0,0,0,-0.254471,-0.254471
11,18,0.209877,0,0,0,0,0.541203,0.541203
11,19,0.704655,0,0,0,0,1.81707,1.81707
11,20,-0.282612,0,0,0,0,-0.728762,-0.728762
11,21,-0.0739708,0,0,0,0,-0.190746,-0.190746
12,1,0.286686,0,0,0,0,0.739267,0.739267
12,2,0.115358,0,0,0,0,0.29747,0.29747
12,3,-0.0854729,0,0,0,0,-0.220406,-0.220406
12,4,-0.354972,0,0,0,0,-0.915354,-0.915354
12,5,-0.23812,0,0,0,0,-0.614032,-0.614032
12,6,0.408598,0,0,0,0,1.05364,1.05364
12,7,0.424744,0,0,0,0,1.09527,1.09527
12,8,-0.223425,0,0,0,0,-0.576138,-0.576138
12,9,-0.402289,0,0,0,0,-1.03737,-1.03737
12,10,-0.0354976,0,0,0,0,-0.0915364,-0.0915364
12,11,-0.26979,0,0,0,0,-0.695698,-0.695698
12,12,-0.366207,0,0,0,0,-0.944325,-0.944325
12,13,-0.801756,0,0,0,0,-2.06746,-2.06746
12,14,0.7132,0,0,0,0,1.8391,1.8391
12,15,-0.261272,0,0,0,0,-0.673733,-0.673733
12,16,0.223791,0,0,0,0,0.577082,0.577082
12,17,0.26908,0,0,0,0,0.693867,0.693867
12,18,0.284898,0,0,0,0,0.734657,0.734657
12,19,0.276,0,0,0,0,0.711712,0.711712
12,20,-0.0257323,0,0,0,0,-0.066355,-0.066355
12,21,0.110789,0,0,0,0,0.285688,0.285688
13,1,0.181825,0,0,0,0,0.468866,0.468866
13,2,-0.13618,0,0,0,0,-0.351163,-0.351163
13,3,-0.23962,0,0,0,0,-0.6179,-0.6179
13,4,0.433117,0,0,0,0,1.11686,1.11686
13,5,-0.0644608,0,0,0,0,-0.166223,-0.166223
13,6,-0.515927,0,0,0,0,-1.3304,-1.3304
13,7,-0.272644,0,0,0,0,-0.703058,-0.703058
13,8,-0.202909,0,0,0,0,-0.523234,-0.523234
13,9,0.0359058,0,0,0,0,0.092589,0.092589
13,10,0.386278,0,0,0,0,0.996082,0.996082
13,11,0.269159,0,0,0,0,0.694071,0.694071
13,12,0.0144828,0,0,0,0,0.0373463,0.0373463
13,13,-0.086818,0,0,0,0,-0.223875,-0.223875
13,14,0.953476,0,0,0,0,2.4587,2.4587
13,15,-0.536992,0,0,0,0,-1.38472,-1.38472
13,16,0.732006,0,0,0,0,1.8876,1.8876
13,17,-0.396172,0,0,0,0,-1.02159,-1.02159
13,18,-0.114015,0,0,0,0,-0.294007,-0.294007
13,19,-0.291911,0,0,0,0,-0.752741,-0.752741
13,20,0.19158,0,0,0,0,0.494021,0.494021
13,21,-0.211105,0,0,0,0,-0.544369,-0.544369
14,1,0.00383526,0,0,0,0,0.00988985,0.00988985
14,2,0.151533,0,0,0,0,0.390753,0.390753
14,3,0.45087,0,0,0,0,1.16264,1.16264
14,4,0.0887708,0,0,0,0,0.22891,0.22891
14,5,0.0140183,0,0,0,0,0.0361485,0.0361485
14,6,-0.270086,0,0,0,0,-0.696461,-0.696461
14,7,-0.249933,0,0,0,0,-0.644494,-0.644494
14,8,-0.574261,0,0,0,0,-1.48083,-1.48083
14,9,-0.335732,0,0,0,0,-0.86574,-0.86574
14,10,-0.29268,0,0,0,0,-0.754724,-0.754724
14,11,0.0545172,0,0,0,0,0.140582,0.140582
14,12,-0.588991,0,0,0,0,-1.51881,-1.51881
14,13,-0.625749,0,0,0,0,-1.6136,-1.6136
14,14,-0.590876,0,0,0,0,-1.52367,-1.52367
14,15,0.252765,0,0,0,0,0.651796,0.651796
14,16,0.219312,0,0,0,0,0.565532,0.565532
14,17,0.181525,0,0,0,0,0.468092,0.468092
14,18,-0.1443,0,0,0,0,-0.372101,-0.372101
14,19,0.263022,0,0,0,0,0.678246,0.678246
14,20,0.426205,0,0,0,0,1.09904,1.09904
14,21,0.330622,0,0,0,0,0.852563,0.852563
15,1,-0.0374449,0,0,0,0,-0.0965579,-0.0965579
15,2,-0.277264,0,0,0,0,-0.714971,-0.714971
15,3,-0.643151,0,0,0,0,-1.65847,-1.65847
15,4,-0.0953482,0,0,0,0,-0.245871,-0.245871
15,5,0.430487,0,0,0,0,1.11008,1.11008
15,6,0.125574,0,0,0,0,0.323813,0.323813
15,7,0.0791138,0,0,0,0,0.204008,0.204008
15,8,0.389791,0,0,0,0,1.00514,1.00514
15,9,-0.11446,0,0,0,0,-0.295154,-0.295154
15,10,0.427987,0,0,0,0,1.10364,1.10364
15,11,-0.174955,0,0,0,0,-0.45115,-0.45115
15,12,0.182284,0,0,0,0,0.470049,0.470049
15,13,0.458519,0,0,0,0,1.18237,1.18237
15,14,-0.130827,0,0,0,0,-0.337359,-0.337359
15,15,0.399526,0,0,0,0,1.03024,1.03024
15,16,-0.170995,0,0,0,0,-0.440939,-0.440939
15,17,-0.389043,0,0,0,0,-1.00321,-1.00321
15,18,0.117182,0,0,0,0,0.302173,0.302173
15,19,-0.511358,0,0,0,0,-1.31862,-1.31862
15,20,-0.0496376,0,0,0,0,-0.127999,-0.127999
15,21,0.268083,0,0,0,0,0.691296,0.691296
16,1,-0.0403045,0,0,0,0,-0.103932,-0.103932
16,2,0.467189,0,0,0,0,1.20472,1.20472
16,3,0.0920213,0,0,0,0,0.237292,0.237292
16,4,-0.409898,0,0,0,0,-1.05699,-1.05699
16,5,0.0455066,0,0,0,0,0.117346,0.117346
16,6,-0.770549,0,0,0,0,-1.98699,-1.98699
16,7,0.185858,0,0,0,0,0.479266,0.479266
16,8,-0.00834698,0,0,0,0,-0.0215241,-0.0215241
16,9,-0.497974,0,0,0,0,-1.28411,-1.28411
16,10,-0.0793837,0,0,0,0,-0.204704,-0.204704
16,11,0.211278,0,0,0,0,0.544815,0.544815
16,12,0.167229,0,0,0,0,0.431228,0.431228
16,13,-0.0383259,0,0,0,0,-0.0988297,-0.0988297
16,14,0.531195,0,0,0,0,1.36977,1.36977
16,15,-0.350396,0,0,0,0,-0.903554,-0.903554
16,16,-0.392142,0,0,0,0,-1.0112,-1.0112
16,17,-0.310877,0,0,0,0,-0.801648,-0.801648
16,18,0.529211,0,0,0,0,1.36466,1.36466
16,19,0.167537,0,0,0,0,0.432022,0.432022
16,20,0.368186,0,0,0,0,0.949428,0.949428
16,21,-0.406116,0,0,0,0,-1.04724,-1.04724
17,1,-0.637265,0,0,0,0,-1.64329,-1.64329
17,2,0.0863564,0,0,0,0,0.222684,0.222684
17,3,0.817386,0,0,0,0,2.10776,2.10776
17,4,-0.0376899,0,0,0,0,-0.0971896,-0.0971896
17,5,-0.059969,0,0,0,0,-0.15464,-0.15464
17,6,-0.937264,0,0,0,0,-2.41689,-2.41689
17,7,0.27587,0,0,0,0,0.711376,0.711376
17,8,0.269033,0,0,0,0,0.693746,0.693746
17,9,0.140247,0,0,0,0,0.36165,0.36165
17,10,-0.108173,0,0,0,0,-0.278942,-0.278942
17,11,0.263079,0,0,0,0,0.678393,0.678393
17,12,-0.0327372,0,0,0,0,-0.0844183,-0.0844183
17,13,-0.317391,0,0,0,0,-0.818445,-0.818445
17,14,-0.182232,0,0,0,0,-0.469915,-0.469915
17,15,-0.296195,0,0,0,0,-0.763788,-0.763788
17,16,0.14541,0,0,0,0,0.374964,0.374964
17,17,0.0260892,0,0,0,0,0.0672753,0.0672753
17,18,0.593015,0,0,0,0,1.52919,1.52919
17,19,-0.325024,0,0,0,0,-0.838128,-0.838128
17,20,0.477298,0,0,0,0,1.23079,1.23079
17,21,0.690397,0,0,0,0,1.7803,1.7803
18,1,0.321039,0,0,0,0,0.827852,0.827852
18,2,0.335668,0,0,0,0,0.865575,0.865575
18,3,-0.149812,0,0,0,0,-0.386315,-0.386315
18,4,-0.733728,0,0,0,0,-1.89204,-1.89204
18,5,-0.157439,0,0,0,0,-0.405982,-0.405982
18,6,0.0686358,0,0,0,0,0.176989,0.176989
18,7,0.0875159,0,0,0,0,0.225674,0.225674
18,8,-0.29324,0,0,0,0,-0.756168,-0.756168
18,9,-0.256102,0,0,0,0,-0.660401,-0.660401
18,10,-0.617345,0,0,0,0,-1.59193,-1.59193
18,11,-0.274466,0,0,0,0,-0.707756,-0.707756
18,12,-0.0450017,0,0,0,0,-0.116044,-0.116044
18,13,-0.358693,0,0,0,0,-0.924949,-0.924949
18,14,0.668474,0,0,0,0,1.72377,1.72377
18,15,-0.272123,0,0,0,0,-0.701714,-0.701714
18,16,0.0925903,0,0,0,0,0.238759,0.238759
18,17,0.0282047,0,0,0,0,0.0727305,0.0727305
18,18,-0.23431,0,0,0,0,-0.604207,-0.604207
18,19,-0.000741948,0,0,0,0,-0.00191324,-0.00191324
18,20,-0.643086,0,0,0,0,-1.6583,-1.6583
18,21,0.25998,0,0,0,0,0.670401,0.670401
19,1,0.195627,0,0,0,0,0.504457,0.504457
19,2,-0.0851751,0,0,0,0,-0.219638,-0.219638
19,3,0.0493163,0,0,0,0,0.12717,0.12717
19,4,0.304668,0,0,0,0,0.785637,0.785637
19,5,-0.0517875,0,0,0,0,-0.133543,-0.133543
19,6,0.185527,0,0,0,0,0.478412,0.478412
19,7,0.849874,0,0,0,0,2.19154,2.19154
19,8,-0.0655831,0,0,0,0,-0.169117,-0.169117
19,9,-0.357721,0,0,0,0,-0.922443,-0.922443
19,10,0.107092,0,0,0,0,0.276154,0.276154
19,11,0.13877,0,0,0,0,0.357841,0.357841
19,12,0.0340669,0,0,0,0,0.0878471,0.0878471
19,13,-0.0980331,0,0,0,0,-0.252795,-0.252795
19,14,-0.0849015,0,0,0,0,-0.218933,-0.218933
19,15,-0.012914,0,0,0,0,-0.0333009,-0.0333009
19,16,0.0916276,0,0,0,0,0.236277,0.236277
19,17,0.459246,0,0,0,0,1.18424,1.18424
19,18,-0.141839,0,0,0,0,-0.365755,-0.365755
19,19,-0.198314,0,0,0,0,-0.511385,-0.511385
19,20,-0.231266,0,0,0,0,-0.596358,-0.596358
19,21,-0.129967,0,0,0,0,-0.335141,-0.335141
20,1,0.171044,0,0,0,0,0.441065,0.441065
20,2,-0.212331,0,0,0,0,-0.547531,-0.547531
20,3,0.0489066,0,0,0,0,0.126114,0.126114
20,4,0.631951,0,0,0,0,1.62959,1.62959
20,5,-0.501535,0,0,0,0,-1.29329,-1.29329
20,6,0.0977,0,0,0,0,0.251936,0.251936
20,7,0.187843,0,0,0,0,0.484384,0.484384
20,8,-0.515405,0,0,0,0,-1.32906,-1.32906
20,9,0.140593,0,0,0,0,0.362542,0.362542
20,10,0.239477,0,0,0,0,0.617531,0.617531
20,11,0.330048,0,0,0,0,0.851083,0.851083
20,12,-0.533597,0,0,0,0,-1.37597,-1.37597
20,13,0.322659,0,0,0,0,0.83203,0.83203
20,14,0.527606,0,0,0,0,1.36052,1.36052
20,15,-0.525781,0,0,0,0,-1.35581,-1.35581
20,16,0.0862518,0,0,0,0,0.222415,0.222415
20,17,-0.200549,0,0,0,0,-0.517149,-0.517149
20,18,-0.0225929,0,0,0,0,-0.0582595,-0.0582595
20,19,-0.351678,0,0,0,0,-0.90686,-0.90686
20,20,-0.0841775,0,0,0,0,-0.217066,-0.217066
20,21,0.266859,0,0,0,0,0.68814,0.68814
21,1,-0.106758,0,0,0,0,-0.275293,-0.275293
21,2,-0.0351572,0,0,0,0,-0.0906587,-0.0906587
21,3,0.607019,0,0,0,0,1.5653,1.5653
21,4,0.552859,0,0,0,0,1.42564,1.42564
21,5,0.111334,0,0,0,0,0.287093,0.287093
21,6,0.123831,0,0,0,0,0.319319,0.319319
21,7,-0.415656,0,0,0,0,-1.07184,-1.07184
21,8,0.301045,0,0,0,0,0.776294,0.776294
21,9,-0.525788,0,0,0,0,-1.35583,-1.35583
21,10,0.351048,0,0,0,0,0.905235,0.905235
21,11,0.0355139,0,0,0,0,0.0915785,0.0915785
21,12,-0.407976,0,0,0,0,-1.05203,-1.05203
21,13,-0.085263,0,0,0,0,-0.219865,-0.219865
21,14,0.166694,0,0,0,0,0.429848,0.429848
21,15,-0.514641,0,0,0,0,-1.32709,-1.32709
21,16,-0.0161595,0,0,0,0,-0.0416699,-0.0416699
21,17,-0.0318426,0,0,0,0,-0.0821114,-0.0821114
21,18,0.23446,0,0,0,0,0.604594,0.604594
21,19,0.152331,0,0,0,0,0.392811,0.392811
21,20,-0.207081,0,0,0,0,-0.533993,-0.533993
21,21,-0.173142,0,0,0,0,-0.446475,-0.446475
22,1,0.605414,0,0,0,0,1.56116,1.56116
22,2,0.421652,0,0,0,0,1.0873,1.0873
22,3,-0.384115,0,0,0,0,-0.990504,-0.990504
22,4,-0.163761,0,0,0,0,-0.422285,-0.422285
22,5,0.134116,0,0,0,0,0.34584,0.34584
22,6,-0.0950173,0,0,0,0,-0.245018,-0.245018
22,7,0.416342,0,0,0,0,1.07361,1.07361
22,8,-0.0639253,0,0,0,0,-0.164842,-0.164842
22,9,-0.303077,0,0,0,0,-0.781534,-0.781534
22,10,-0.24773,0,0,0,0,-0.638813,-0.638813
22,11,-0.264318,0,0,0,0,-0.681588,-0.681588
22,12,0.179285,0,0,0,0,0.462316,0.462316
22,13,0.101554,0,0,0,0,0.261874,0.261874
22,14,0.458872,0,0,0,0,1.18328,1.18328
22,15,-0.485226,0,0,0,0,-1.25124,-1.25124
22,16,-0.204467,0,0,0,0,-0.527252,-0.527252
22,17,0.32181,0,0,0,0,0.82984,0.82984
22,18,0.3504,0,0,0,0,0.903564,0.903564
22,19,-0.559839,0,0,0,0,-1.44364,-1.44364
22,20,0.0355928,0,0,0,0,0.0917819,0.0917819
22,21,0.131927,0,0,0,0,0.340196,0.340196
23,1,0.126572,0,0,0,0,0.326387,0.326387
23,2,-0.280176,0,0,0,0,-0.72248,-0.72248
23,3,0.236921,0,0,0,0,0.61094,0.61094
23,4,0.142356,0,0,0,0,0.367088,0.367088
23,5,-0.473523,0,0,0,0,-1.22106,-1.22106
23,6,-0.503354,0,0,0,0,-1.29798,-1.29798
23,7,0.00868778,0,0,0,0,0.0224029,0.0224029
23,8,0.400392,0,0,0,0,1.03248,1.03248
23,9,0.251998,0,0,0,0,0.649818,0.649818
23,10,0.0197643,0,0,0,0,0.0509655,0.0509655
23,11,0.864412,0,0,0,0,2.22903,2.22903
23,12,-0.234806,0,0,0,0,-0.605486,-0.605486
23,13,-0.026221,0,0,0,0,-0.0676152,-0.0676152
23,14,0.450595,0,0,0,0,1.16193,1.16193
23,15,0.611418,0,0,0,0,1.57664,1.57664
23,16,0.260954,0,0,0,0,0.672913,0.672913
23,17,0.822624,0,0,0,0,2.12127,2.12127
23,18,1.20154,0,0,0,0,3.09837,3.09837
23,19,0.661242,0,0,0,0,1.70512,1.70512
23,20,0.030147,0,0,0,0,0.077739,0.077739
23,21,-0.171631,0,0,0,0,-0.442579,-0.442579
24,1,-0.104991,0,0,0,0,-0.270737,-0.270737
24,2,0.185682,0,0,0,0,0.478812,0.478812
24,3,0.700072,0,0,0,0,1.80525,1.80525
24,4,0.485094,0,0,0,0,1.2509,1.2509
24,5,-0.233626,0,0,0,0,-0.602443,-0.602443
24,6,-0.0550207,0,0,0,0,-0.14188,-0.14188
24,7,0.44708,0,0,0,0,1.15287,1.15287
24,8,-0.342806,0,0,0,0,-0.883982,-0.883982
24,9,0.56981,0,0,0,0,1.46935,1.46935
24,10,0.0296407,0,0,0,0,0.0764334,0.0764334
24,11,-0.262436,0,0,0,0,-0.676735,-0.676735
24,12,0.321549,0,0,0,0,0.829167,0.829167
24,13,-0.733015,0,0,0,0,-1.8902,-1.8902
24,14,-0.44626,0,0,0,0,-1.15076,-1.15076
24,15,0.23359,0,0,0,0,0.60235,0.60235
24,16,0.429697,0,0,0,0,1.10804,1.10804
24,17,0.0822185,0,0,0,0,0.212014,0.212014
24,18,-0.341638,0,0,0,0,-0.88097,-0.88097
24,19,0.348318,0,0,0,0,0.898196,0.898196
24,20,-0.333227,0,0,0,0,-0.859281,-0.859281
24,21,-0.519639,0,0,0,0,-1.33998,-1.33998
25,1,0.20383,0,0,0,0,0.525609,0.525609
25,2,0.262724,0,0,0,0,0.677477,0.677477
25,3,-0.241284,0,0,0,0,-0.622191,-0.622191
25,4,-0.0473784,0,0,0,0,-0.122173,-0.122173
25,5,0.655918,0,0,0,0,1.69139,1.69139
25,6,0.403945,0,0,0,0,1.04164,1.04164
25,7,-0.127067,0,0,0,0,-0.327663,-0.327663
25,8,-0.250975,0,0,0,0,-0.647181,-0.647181
25,9,0.130977,0,0,0,0,0.337746,0.337746
25,10,-0.439938,0,0,0,0,-1.13445,-1.13445
25,11,-0.547843,0,0,0,0,-1.4127,-1.4127
25,12,-0.651424,0,0,0,0,-1.6798,-1.6798
25,13,-0.302819,0,0,0,0,-0.780869,-0.780869
25,14,0.245776,0,0,0,0,0.633774,0.633774
25,15,-0.103398,0,0,0,0,-0.266629,-0.266629
25,16,-0.472783,0,0,0,0,-1.21915,-1.21915
25,17,0.482288,0,0,0,0,1.24366,1.24366
25,18,0.148982,0,0,0,0,0.384175,0.384175
25,19,-0.158317,0,0,0,0,-0.408247,-0.408247
25,20,0.638104,0,0,0,0,1.64546,1.64546
25,21,-0.115007,0,0,0,0,-0.296565,-0.296565
26,1,-0.570616,0,0,0,0,-1.47143,-1.47143
26,2,-0.714711,0,0,0,0,-1.843,-1.843
26,3,-0.0283158,0,0,0,0,-0.073017,-0.073017
26,4,0.115617,0,0,0,0,0.298138,0.298138
26,5,-0.0936219,0,0,0,0,-0.24142,-0.24142
26,6,0.27499,0,0,0,0,0.709107,0.709107
26,7,0.384603,0,0,0,0,0.991762,0.991762
26,8,0.314045,0,0,0,0,0.809817,0.809817
26,9,0.817641,0,0,0,0,2.10842,2.10842
26,10,0.275962,0,0,0,0,0.711614,0.711614
26,11,0.404684,0,0,0,0,1.04354,1.04354
26,12,-0.866164,0,0,0,0,-2.23355,-2.23355
26,13,-1.10151,0,0,0,0,-2.84043,-2.84043
26,14,0.312563,0,0,0,0,0.805995,0.805995
26,15,0.55973,0,0,0,0,1.44336,1.44336
26,16,0.0149654,0,0,0,0,0.0385908,0.0385908
26,17,-0.0591151,0,0,0,0,-0.152438,-0.152438
26,18,-0.165657,0,0,0,0,-0.427174,-0.427174
26,19,-0.134627,0,0,0,0,-0.347158,-0.347158
26,20,-0.256114,0,0,0,0,-0.660432,-0.660432
26,21,-0.165653,0,0,0,0,-0.427164,-0.427164
27,1,0.191897,0,0,0,0,0.494838,0.494838
27,2,-0.769498,0,0,0,0,-1.98428,-1.98428
27,3,-0.575505,0,0,0,0,-1.48403,-1.48403
27,4,-0.436618,0,0,0,0,-1.12589,-1.12589
27,5,0.359995,0,0,0,0,0.928307,0.928307
27,6,0.119165,0,0,0,0,0.307287,0.307287
27,7,0.0111412,0,0,0,0,0.0287294,0.0287294
27,8,0.00341721,0,0,0,0,0.00881184,0.00881184
27,9,-0.257949,0,0,0,0,-0.665164,-0.665164
27,10,-0.210926,0,0,0,0,-0.543908,-0.543908
27,11,0.0588574,0,0,0,0,0.151774,0.151774
27,12,0.0255842,0,0,0,0,0.0659731,0.0659731
27,13,-0.446952,0,0,0,0,-1.15254,-1.15254
27,14,0.151557,0,0,0,0,0.390815,0.390815
27,15,-0.408523,0,0,0,0,-1.05344,-1.05344
27,16,-0.719908,0,0,0,0,-1.8564,-1.8564
27,17,0.02442,0,0,0,0,0.062971,0.062971
27,18,-0.577232,0,0,0,0,-1.48849,-1.48849
27,19,0.790753,0,0,0,0,2.03909,2.03909
27,20,0.296508,0,0,0,0,0.764595,0.764595
27,21,-0.140599,0,0,0,0,-0.362558,-0.362558
28,1,0.553656,0,0,0,0,1.42769,1.42769
28,2,0.0402077,0,0,0,0,0.103682,0.103682
28,3,0.241321,0,0,0,0,0.622286,0.622286
28,4,0.237841,0,0,0,0,0.613312,0.613312
28,5,-0.0551835,0,0,0,0,-0.1423,-0.1423
28,6,0.517924,0,0,0,0,1.33555,1.33555
28,7,-0.367357,0,0,0,0,-0.947291,-0.947291
28,8,-0.10731,0,0,0,0,-0.276717,-0.276717
28,9,0.167471,0,0,0,0,0.431852,0.431852
28,10,-1.05848,0,0,0,0,-2.72947,-2.72947
28,11,-0.0495162,0,0,0,0,-0.127686,-0.127686
28,12,0.062159,0,0,0,0,0.160287,0.160287
28,13,0.0609139,0,0,0,0,0.157077,0.157077
28,14,0.0203547,0,0,0,0,0.052488,0.052488
28,15,-0.178774,0,0,0,0,-0.460998,-0.460998
28,16,-0.433273,0,0,0,0,-1.11727,-1.11727
28,17,-0.0270037,0,0,0,0,-0.0696335,-0.0696335
28,18,-0.248661,0,0,0,0,-0.641213,-0.641213
28,19,0.155469,0,0,0,0,0.400903,0.400903
28,20,-0.519276,0,0,0,0,-1.33904,-1.33904
28,21,-0.546027,0,0,0,0,-1.40802,-1.40802
29,1,-0.490397,0,0,0,0,-1.26457,-1.26457
29,2,0.0732565,0,0,0,0,0.188904,0.188904
29,3,-0.187897,0,0,0,0,-0.484523,-0.484523
29,4,0.184814,0,0,0,0,0.476573,0.476573
29,5,0.220997,0,0,0,0,0.569877,0.569877
29,6,-0.525845,0,0,0,0,-1.35598,-1.35598
29,7,0.107832,0,0,0,0,0.278063,0.278063
29,8,0.298878,0,0,0,0,0.770706,0.770706
29,9,-0.513201,0,0,0,0,-1.32337,-1.32337
29,10,-0.383712,0,0,0,0,-0.989465,-0.989465
29,11,0.462253,0,0,0,0,1.192,1.192
29,12,-0.104655,0,0,0,0,-0.26987,-0.26987
29,13,0.382537,0,0,0,0,0.986435,0.986435
29,14,0.538499,0,0,0,0,1.38861,1.38861
29,15,0.577715,0,0,0,0,1.48973,1.48973
29,16,0.155591,0,0,0,0,0.401217,0.401217
29,17,0.579969,0,0,0,0,1.49555,1.49555
29,18,-0.192661,0,0,0,0,-0.496808,-0.496808
29,19,-0.146768,0,0,0,0,-0.378466,-0.378466
29,20,0.463964,0,0,0,0,1.19641,1.19641
29,21,0.25767,0,0,0,0,0.664445,0.664445
30,1,-0.0131443,0,0,0,0,-0.0338947,-0.0338947
30,2,0.182457,0,0,0,0,0.470496,0.470496
30,3,-0.206272,0,0,0,0,-0.531906,-0.531906
30,4,-0.401705,0,0,0,0,-1.03586,-1.03586
30,5,-0.389176,0,0,0,0,-1.00355,-1.00355
30,6,0.525908,0,0,0,0,1.35614,1.35614
30,7,0.431169,0,0,0,0,1.11184,1.11184
30,8,0.0630449,0,0,0,0,0.162572,0.162572
30,9,-0.522192,0,0,0,0,-1.34656,-1.34656
30,10,-0.263908,0,0,0,0,-0.68053,-0.68053
30,11,-0.401502,0,0,0,0,-1.03534,-1.03534
30,12,-0.0421223,0,0,0,0,-0.108619,-0.108619
30,13,0.370124,0,0,0,0,0.954426,0.954426
30,14,-0.27932,0,0,0,0,-0.720273,-0.720273
30,15,-0.168739,0,0,0,0,-0.435121,-0.435121
30,16,-0.417323,0,0,0,0,-1.07614,-1.07614
30,17,0.374332,0,0,0,0,0.965277,0.965277
30,18,-0.0745106,0,0,0,0,-0.192138,-0.192138
30,19,0.37408,0,0,0,0,0.964627,0.964627
30,20,-0.959701,0,0,0,0,-2.47475,-2.47475
30,21,-0.131745,0,0,0,0,-0.339726,-0.339726
31,1,-0.00701101,0,0,0,0,-0.018079,-0.018079
31,2,0.0318626,0,0,0,0,0.082163,0.082163
31,3,-0.225928,0,0,0,0,-0.582593,-0.582593
31,4,-0.0488294,0,0,0,0,-0.125915,-0.125915
31,5,0.0250673,0,0,0,0,0.0646402,0.0646402
31,6,-0.126689,0,0,0,0,-0.326689,-0.326689
31,7,-0.0999894,0,0,0,0,-0.257839,-0.257839
31,8,0.203231,0,0,0,0,0.524065,0.524065
31,9,-0.0654252,0,0,0,0,-0.16871,-0.16871
31,10,0.520831,0,0,0,0,1.34305,1.34305
31,11,0.496376,0,0,0,0,1.27999,1.27999
31,12,0.254584,0,0,0,0,0.656487,0.656487
31,13,0.391503,0,0,0,0,1.00956,1.00956
31,14,0.444703,0,0,0,0,1.14674,1.14674
31,15,0.313355,0,0,0,0,0.808038,0.808038
31,16,-0.463742,0,0,0,0,-1.19584,-1.19584
31,17,-0.224019,0,0,0,0,-0.57767,-0.57767
31,18,-0.780666,0,0,0,0,-2.01308,-2.01308
31,19,-0.439075,0,0,0,0,-1.13223,-1.13223
31,20,0.141654,0,0,0,0,0.365278,0.365278
31,21,-0.74933,0,0,0,0,-1.93227,-1.93227
32,1,-0.396032,0,0,0,0,-1.02123,-1.02123
32,2,-0.189486,0,0,0,0,-0.488621,-0.488621
32,3,0.673607,0,0,0,0,1.73701,1.73701
32,4,-0.232371,0,0,0,0,-0.599207,-0.599207
32,5,-0.418141,0,0,0,0,-1.07825,-1.07825
32,6,0.15999,0,0,0,0,0.412561,0.412561
32,7,-0.0979914,0,0,0,0,-0.252687,-0.252687
32,8,0.327148,0,0,0,0,0.843605,0.843605
32,9,1.08516,0,0,0,0,2.79826,2.79826
32,10,0.202461,0,0,0,0,0.522079,0.522079
32,11,0.278398,0,0,0,0,0.717895,0.717895
32,12,0.313996,0,0,0,0,0.809691,0.809691
32,13,0.651025,0,0,0,0,1.67878,1.67878
32,14,-0.318267,0,0,0,0,-0.820704,-0.820704
32,15,0.660747,0,0,0,0,1.70385,1.70385
32,16,-0.199604,0,0,0,0,-0.514712,-0.514712
32,17,-0.109758,0,0,0,0,-0.283029,-0.283029
32,18,0.405662,0,0,0,0,1.04607,1.04607
32,19,-0.46756,0,0,0,0,-1.20568,-1.20568
32,20,-0.441066,0,0,0,0,-1.13736,-1.13736
32,21,0.152112,0,0,0,0,0.392246,0.392246
33,1,0.0760524,0,0,0,0,0.196114,0.196114
33,2,-0.39293,0,0,0,0,-1.01323,-1.01323
33,3,-0.217174,0,0,0,0,-0.560019,-0.560019
33,4,-0.523879,0,0,0,0,-1.35091,-1.35091
33,5,-0.234656,0,0,0,0,-0.605099,-0.605099
33,6,-0.200047,0,0,0,0,-0.515854,-0.515854
33,7,-0.22514,0,0,0,0,-0.580561,-0.580561
33,8,0.599155,0,0,0,0,1.54502,1.54502
33,9,-0.223389,0,0,0,0,-0.576045,-0.576045
33,10,0.120122,0,0,0,0,0.309754,0.309754
33,11,-0.157193,0,0,0,0,-0.405348,-0.405348
33,12,-0.517743,0,0,0,0,-1.33509,-1.33509
33,13,-0.312403,0,0,0,0,-0.805583,-0.805583
33,14,-0.233224,0,0,0,0,-0.601407,-0.601407
33,15,0.303169,0,0,0,0,0.781771,0.781771
33,16,0.394716,0,0,0,0,1.01784,1.01784
33,17,-0.557788,0,0,0,0,-1.43835,-1.43835
33,18,0.112317,0,0,0,0,0.289628,0.289628
33,19,-0.14612,0,0,0,0,-0.376795,-0.376795
33,20,-0.163062,0,0,0,0,-0.420482,-0.420482
33,21,-0.35272,0,0,0,0,-0.909547,-0.909547
34,1,0.0532108,0,0,0,0,0.137213,0.137213
34,2,0.399285,0,0,0,0,1.02962,1.02962
34,3,-0.440798,0,0,0,0,-1.13667,-1.13667
34,4,-0.152994,0,0,0,0,-0.39452,-0.39452
34,5,0.343054,0,0,0,0,0.884621,0.884621
34,6,-0.350717,0,0,0,0,-0.904382,-0.904382
34,7,0.0604384,0,0,0,0,0.15585,0.15585
34,8,0.321155,0,0,0,0,0.828151,0.828151
34,9,-0.439077,0,0,0,0,-1.13223,-1.13223
34,10,0.255927,0,0,0,0,0.65995,0.65995
34,11,0.385659,0,0,0,0,0.994485,0.994485
34,12,-0.444788,0,0,0,0,-1.14696,-1.14696
34,13,-0.455685,0,0,0,0,-1.17506,-1.17506
34,14,-0.0169003,0,0,0,0,-0.0435802,-0.0435802
34,15,0.243828,0,0,0,0,0.628751,0.628751
34,16,0.67539,0,0,0,0,1.7416,1.7416
34,17,-0.393034,0,0,0,0,-1.0135,-1.0135
34,18,-0.230682,0,0,0,0,-0.594852,-0.594852
34,19,-0.206761,0,0,0,0,-0.533167,-0.533167
34,20,0.138889,0,0,0,0,0.358148,0.358148
34,21,0.365265,0,0,0,0,0.941896,0.941896
35,1,-0.676143,0,0,0,0,-1.74355,-1.74355
35,2,-0.039384,0,0,0,0,-0.101558,-0.101558
35,3,0.463741,0,0,0,0,1.19583,1.19583
35,4,-0.0385877,0,0,0,0,-0.0995048,-0.0995048
35,5,-0.172268,0,0,0,0,-0.444222,-0.444222
35,6,0.166982,0,0,0,0,0.430591,0.430591
35,7,0.184197,0,0,0,0,0.474982,0.474982
35,8,-0.46817,0,0,0,0,-1.20725,-1.20725
35,9,0.224782,0,0,0,0,0.579638,0.579638
35,10,0.163356,0,0,0,0,0.42124,0.42124
35,11,0.146669,0,0,0,0,0.37821,0.37821
35,12,-0.104092,0,0,0,0,-0.268418,-0.268418
35,13,0.290074,0,0,0,0,0.748004,0.748004
35,14,-0.473269,0,0,0,0,-1.2204,-1.2204
35,15,0.149236,0,0,0,0,0.38483,0.38483
35,16,-0.141201,0,0,0,0,-0.36411,-0.36411
35,17,-0.707952,0,0,0,0,-1.82557,-1.82557
35,18,0.419593,0,0,0,0,1.08199,1.08199
35,19,-0.590423,0,0,0,0,-1.5225,-1.5225
35,20,0.0110041,0,0,0,0,0.0283759,0.0283759
35,21,0.285933,0,0,0,0,0.737325,0.737325
36,1,-0.817026,0,0,0,0,-2.10684,-2.10684
36,2,-0.13591,0,0,0,0,-0.350466,-0.350466
36,3,-0.328047,0,0,0,0,-0.845923,-0.845923
36,4,0.358682,0,0,0,0,0.924921,0.924921
36,5,-0.0487497,0,0,0,0,-0.125709,-0.125709
36,6,0.217568,0,0,0,0,0.561035,0.561035
36,7,0.254142,0,0,0,0,0.655347,0.655347
36,8,0.849122,0,0,0,0,2.1896,2.1896
36,9,-0.140032,0,0,0,0,-0.361096,-0.361096
36,10,-0.425347,0,0,0,0,-1.09683,-1.09683
36,11,0.378664,0,0,0,0,0.976448,0.976448
36,12,-0.614967,0,0,0,0,-1.58579,-1.58579
36,13,-0.273249,0,0,0,0,-0.704618,-0.704618
36,14,0.460756,0,0,0,0,1.18814,1.18814
36,15,-0.0606774,0,0,0,0,-0.156467,-0.156467
36,16,0.347789,0,0,0,0,0.896831,0.896831
36,17,0.362459,0,0,0,0,0.93466,0.93466
36,18,0.3007,0,0,0,0,0.775405,0.775405
36,19,-0.0840264,0,0,0,0,-0.216676,-0.216676
36,20,0.155383,0,0,0,0,0.400681,0.400681
36,21,0.0986323,0,0,0,0,0.25434,0.25434
37,1,-0.24062,0,0,0,0,-0.620478,-0.620478
37,2,0.495952,0,0,0,0,1.27889,1.27889
37,3,-0.108521,0,0,0,0,-0.279839,-0.279839
37,4,-0.506392,0,0,0,0,-1.30582,-1.30582
37,5,0.167633,0,0,0,0,0.432269,0.432269
37,6,0.330444,0,0,0,0,0.852104,0.852104
37,7,-0.439075,0,0,0,0,-1.13223,-1.13223
37,8,0.335171,0,0,0,0,0.864294,0.864294
37,9,-0.0209819,0,0,0,0,-0.0541053,-0.0541053
37,10,0.326755,0,0,0,0,0.842592,0.842592
37,11,-0.725155,0,0,0,0,-1.86993,-1.86993
37,12,0.258232,0,0,0,0,0.665894,0.665894
37,13,-0.2223,0,0,0,0,-0.573237,-0.573237
37,14,0.104039,0,0,0,0,0.268282,0.268282
37,15,-0.113226,0,0,0,0,-0.291972,-0.291972
37,16,1.15523,0,0,0,0,2.97895,2.97895
37,17,-0.103223,0,0,0,0,-0.266178,-0.266178
37,18,0.277538,0,0,0,0,0.715678,0.715678
37,19,-0.277296,0,0,0,0,-0.715054,-0.715054
37,20,-0.37475,0,0,0,0,-0.966355,-0.966355
37,21,-0.277469,0,0,0,0,-0.7155,-0.7155
38,1,-0.0909985,0,0,0,0,-0.234655,-0.234655
38,2,-0.102301,0,0,0,0,-0.2638,-0.2638
38,3,-0.691951,0,0,0,0,-1.78431,-1.78431
38,4,-0.315584,0,0,0,0,-0.813786,-0.813786
38,5,0.205856,0,0,0,0,0.530834,0.530834
38,6,-0.197276,0,0,0,0,-0.508709,-0.508709
38,7,-0.257461,0,0,0,0,-0.663906,-0.663906
38,8,-0.717152,0,0,0,0,-1.84929,-1.84929
38,9,-0.886458,0,0,0,0,-2.28588,-2.28588
38,10,0.0309377,0,0,0,0,0.079778,0.079778
38,11,0.370783,0,0,0,0,0.956125,0.956125
38,12,0.0385695,0,0,0,0,0.0994578,0.0994578
38,13,-0.725926,0,0,0,0,-1.87192,-1.87192
38,14,0.42189,0,0,0,0,1.08791,1.08791
38,15,-0.279842,0,0,0,0,-0.721619,-0.721619
38,16,0.479215,0,0,0,0,1.23574,1.23574
38,17,-0.245042,0,0,0,0,-0.631881,-0.631881
38,18,-0.374953,0,0,0,0,-0.966878,-0.966878
38,19,0.015841,0,0,0,0,0.0408486,0.0408486
38,20,0.428944,0,0,0,0,1.1061,1.1061
38,21,0.717544,0,0,0,0,1.85031,1.85031
39,1,0.47619,0,0,0,0,1.22793,1.22793
39,2,-0.0974399,0,0,0,0,-0.251265,-0.251265
39,3,-0.333119,0,0,0,0,-0.859002,-0.859002
39,4,-0.740841,0,0,0,0,-1.91038,-1.91038
39,5,0.527831,0,0,0,0,1.3611,1.3611
39,6,-0.162365,0,0,0,0,-0.418685,-0.418685
39,7,-0.431374,0,0,0,0,-1.11237,-1.11237
39,8,-0.0661334,0,0,0,0,-0.170536,-0.170536
39,9,0.79416,0,0,0,0,2.04787,2.04787
39,10,0.173652,0,0,0,0,0.44779,0.44779
39,11,-0.510909,0,0,0,0,-1.31746,-1.31746
39,12,0.128486,0,0,0,0,0.331322,0.331322
39,13,0.394301,0,0,0,0,1.01677,1.01677
39,14,-0.521076,0,0,0,0,-1.34368,-1.34368
39,15,-0.829701,0,0,0,0,-2.13952,-2.13952
39,16,-0.150075,0,0,0,0,-0.386993,-0.386993
39,17,0.375272,0,0,0,0,0.967701,0.967701
39,18,-0.160083,0,0,0,0,-0.4128,-0.4128
39,19,0.439103,0,0,0,0,1.1323,1.1323
39,20,0.478978,0,0,0,0,1.23512,1.23512
39,21,-0.937868,0,0,0,0,-2.41845,-2.41845
40,1,0.0666661,0,0,0,0,0.17191,0.17191
40,2,0.0040326,0,0,0,0,0.0103987,0.0103987
40,3,0.873745,0,0,0,0,2.2531,2.2531
40,4,0.0515718,0,0,0,0,0.132986,0.132986
40,5,0.730602,0,0,0,0,1.88398,1.88398
40,6,0.520267,0,0,0,0,1.34159,1.34159
40,7,-0.482504,0,0,0,0,-1.24422,-1.24422
40,8,-0.550505,0,0,0,0,-1.41957,-1.41957
40,9,0.474439,0,0,0,0,1.22342,1.22342
40,10,0.164248,0,0,0,0,0.423541,0.423541
40,11,0.517986,0,0,0,0,1.33571,1.33571
40,12,0.614109,0,0,0,0,1.58358,1.58358
40,13,0.0676783,0,0,0,0,0.17452,0.17452
40,14,0.0924571,0,0,0,0,0.238416,0.238416
40,15,0.548744,0,0,0,0,1.41503,1.41503
40,16,-0.950024,0,0,0,0,-2.44979,-2.44979
40,17,-0.224526,0,0,0,0,-0.578977,-0.578977
40,18,-0.762938,0,0,0,0,-1.96736,-1.96736
40,19,-0.257966,0,0,0,0,-0.665208,-0.665208
40,20,0.34824,0,0,0,0,0.897994,0.897994
40,21,-0.644001,0,0,0,0,-1.66066,-1.66066
41,1,0.0651342,0,0,0,0,0.167959,0.167959
41,2,-0.591506,0,0,0,0,-1.5253,-1.5253
41,3,-0.0513089,0,0,0,0,-0.132308,-0.132308
41,4,-0.480774,0,0,0,0,-1.23976,-1.23976
41,5,0.524888,0,0,0,0,1.35351,1.35351
41,6,0.0391838,0,0,0,0,0.101042,0.101042
41,7,-0.333648,0,0,0,0,-0.860367,-0.860367
41,8,0.300417,0,0,0,0,0.774675,0.774675
41,9,-0.415182,0,0,0,0,-1.07062,-1.07062
41,10,0.108441,0,0,0,0,0.279633,0.279633
41,11,-0.156669,0,0,0,0,-0.403997,-0.403997
41,12,-0.433982,0,0,0,0,-1.11909,-1.11909
41,13,-0.239042,0,0,0,0,-0.616409,-0.616409
41,14,0.061882,0,0,0,0,0.159573,0.159573
41,15,-0.0417583,0,0,0,0,-0.107681,-0.107681
41,16,-0.891446,0,0,0,0,-2.29874,-2.29874
41,17,0.00826686,0,0,0,0,0.0213175,0.0213175
41,18,-0.518797,0,0,0,0,-1.3378,-1.3378
41,19,0.632015,0,0,0,0,1.62976,1.62976
41,20,0.109368,0,0,0,0,0.282023,0.282023
41,21,0.572306,0,0,0,0,1.47579,1.47579
42,1,0.605529,0,0,0,0,1.56146,1.56146
42,2,0.119453,0,0,0,0,0.308029,0.308029
42,3,-0.185987,0,0,0,0,-0.479598,-0.479598
42,4,-0.521771,0,0,0,0,-1.34547,-1.34547
42,5,-0.0559746,0,0,0,0,-0.14434,-0.14434
42,6,-0.310625,0,0,0,0,-0.800998,-0.800998
42,7,0.0218475,0,0,0,0,0.0563374,0.0563374
42,8,-0.245886,0,0,0,0,-0.634058,-0.634058
42,9,-0.394528,0,0,0,0,-1.01736,-1.01736
42,10,-0.15773,0,0,0,0,-0.406733,-0.406733
42,11,0.0198195,0,0,0,0,0.0511079,0.0511079
42,12,-0.319727,0,0,0,0,-0.824469,-0.824469
42,13,0.122687,0,0,0,0,0.316369,0.316369
42,14,0.267492,0,0,0,0,0.689772,0.689772
42,15,-0.246392,0,0,0,0,-0.635362,-0.635362
42,16,-0.390806,0,0,0,0,-1.00776,-1.00776
42,17,-0.0908789,0,0,0,0,-0.234346,-0.234346
42,18,0.238606,0,0,0,0,0.615285,0.615285
42,19,0.224949,0,0,0,0,0.580068,0.580068
42,20,-0.337362,0,0,0,0,-0.869944,-0.869944
42,21,0.23972,0,0,0,0,0.618158,0.618158
43,1,0.362798,0,0,0,0,0.935535,0.935535
43,2,0.00965371,0,0,0,0,0.0248937,0.0248937
43,3,-0.102281,0,0,0,0,-0.263748,-0.263748
43,4,0.637521,0,0,0,0,1.64395,1.64395
43,5,-0.783014,0,0,0,0,-2.01913,-2.01913
43,6,0.268157,0,0,0,0,0.691487,0.691487
43,7,0.0795874,0,0,0,0,0.205229,0.205229
43,8,0.0891854,0,0,0,0,0.229979,0.229979
43,9,-0.0207819,0,0,0,0,-0.0535896,-0.0535896
43,10,0.0109466,0,0,0,0,0.0282276,0.0282276
43,11,0.222194,0,0,0,0,0.572964,0.572964
43,12,0.460582,0,0,0,0,1.18769,1.18769
43,13,-0.0944035,0,0,0,0,-0.243435,-0.243435
43,14,-0.352066,0,0,0,0,-0.90786,-0.90786
43,15,-0.602042,0,0,0,0,-1.55246,-1.55246
43,16,0.187141,0,0,0,0,0.482574,0.482574
43,17,-0.43269,0,0,0,0,-1.11576,-1.11576
43,18,0.383522,0,0,0,0,0.988975,0.988975
43,19,-0.160763,0,0,0,0,-0.414554,-0.414554
43,20,-0.290983,0,0,0,0,-0.750348,-0.750348
43,21,0.489707,0,0,0,0,1.26279,1.26279
44,1,0.331066,0,0,0,0,0.853708,0.853708
44,2,-0.242237,0,0,0,0,-0.624648,-0.624648
44,3,-0.289203,0,0,0,0,-0.745758,-0.745758
44,4,0.182852,0,0,0,0,0.471514,0.471514
44,5,-0.0743531,0,0,0,0,-0.191732,-0.191732
44,6,-0.227194,0,0,0,0,-0.585857,-0.585857
44,7,0.855139,0,0,0,0,2.20512,2.20512
44,8,-0.137032,0,0,0,0,-0.35336,-0.35336
44,9,-0.321918,0,0,0,0,-0.830119,-0.830119
44,10,0.292662,0,0,0,0,0.754677,0.754677
44,11,0.0774447,0,0,0,0,0.199704,0.199704
44,12,0.375036,0,0,0,0,0.967092,0.967092
44,13,-0.433198,0,0,0,0,-1.11707,-1.11707
44,14,-0.283182,0,0,0,0,-0.730232,-0.730232
44,15,0.334213,0,0,0,0,0.861823,0.861823
44,16,-0.0960915,0,0,0,0,-0.247788,-0.247788
44,17,0.0151491,0,0,0,0,0.0390645,0.0390645
44,18,-0.174386,0,0,0,0,-0.449683,-0.449683
44,19,-0.0396577,0,0,0,0,-0.102264,-0.102264
44,20,-0.368299,0,0,0,0,-0.94972,-0.94972
44,21,0.691828,0,0,0,0,1.78399,1.78399
45,1,0.412676,0,0,0,0,1.06415,1.06415
45,2,0.188447,0,0,0,0,0.485942,0.485942
45,3,-0.198961,0,0,0,0,-0.513054,-0.513054
45,4,0.0352933,0,0,0,0,0.0910096,0.0910096
45,5,-0.317488,0,0,0,0,-0.818695,-0.818695
45,6,-0.289304,0,0,0,0,-0.746018,-0.746018
45,7,-0.43166,0,0,0,0,-1.11311,-1.11311
45,8,0.585586,0,0,0,0,1.51003,1.51003
45,9,-0.581116,0,0,0,0,-1.4985,-1.4985
45,10,0.378105,0,0,0,0,0.975006,0.975006
45,11,0.15239,0,0,0,0,0.392963,0.392963
45,12,0.426865,0,0,0,0,1.10074,1.10074
45,13,-0.590428,0,0,0,0,-1.52252,-1.52252
45,14,-0.0913157,0,0,0,0,-0.235473,-0.235473
45,15,0.263491,0,0,0,0,0.679455,0.679455
45,16,-0.327646,0,0,0,0,-0.844889,-0.844889
45,17,-0.120694,0,0,0,0,-0.311229,-0.311229
45,18,0.951214,0,0,0,0,2.45286,2.45286
45,19,0.236861,0,0,0,0,0.610785,0.610785
45,20,-0.403144,0,0,0,0,-1.03957,-1.03957
45,21,-0.189589,0,0,0,0,-0.488887,-0.488887
46,1,0.201465,0,0,0,0,0.519511,0.519511
46,2,0.487148,0,0,0,0,1.25619,1.25619
46,3,-0.121922,0,0,0,0,-0.314396,-0.314396
46,4,0.445838,0,0,0,0,1.14967,1.14967
46,5,-0.160029,0,0,0,0,-0.412661,-0.412661
46,6,-0.0748824,0,0,0,0,-0.193097,-0.193097
46,7,-0.044593,0,0,0,0,-0.11499,-0.11499
46,8,0.431069,0,0,0,0,1.11158,1.11158
46,9,-0.0322894,0,0,0,0,-0.0832636,-0.0832636
46,10,-0.321508,0,0,0,0,-0.829062,-0.829062
46,11,-0.132391,0,0,0,0,-0.341392,-0.341392
46,12,-0.707689,0,0,0,0,-1.82489,-1.82489
46,13,-0.132081,0,0,0,0,-0.340593,-0.340593
46,14,-0.29727,0,0,0,0,-0.76656,-0.76656
46,15,-0.099752,0,0,0,0,-0.257227,-0.257227
46,16,0.503739,0,0,0,0,1.29897,1.29897
46,17,-0.90228,0,0,0,0,-2.32668,-2.32668
46,18,-0.364862,0,0,0,0,-0.940857,-0.940857
46,19,0.578792,0,0,0,0,1.49251,1.49251
46,20,-0.0964467,0,0,0,0,-0.248704,-0.248704
46,21,0.520289,0,0,0,0,1.34165,1.34165
47,1,0.734564,0,0,0,0,1.89419,1.89419
47,2,-0.208303,0,0,0,0,-0.537144,-0.537144
47,3,-0.485401,0,0,0,0,-1.25169,-1.25169
47,4,-0.494377,0,0,0,0,-1.27483,-1.27483
47,5,0.218363,0,0,0,0,0.563085,0.563085
47,6,-0.332415,0,0,0,0,-0.857187,-0.857187
47,7,-0.361825,0,0,0,0,-0.933026,-0.933026
47,8,-0.218241,0,0,0,0,-0.56277,-0.56277
47,9,0.0371851,0,0,0,0,0.0958879,0.0958879
47,10,-0.0744978,0,0,0,0,-0.192105,-0.192105
47,11,0.124409,0,0,0,0,0.320809,0.320809
47,12,0.165363,0,0,0,0,0.426416,0.426416
47,13,-0.124208,0,0,0,0,-0.320291,-0.320291
47,14,-0.227802,0,0,0,0,-0.587425,-0.587425
47,15,-0.728769,0,0,0,0,-1.87925,-1.87925
47,16,-0.143554,0,0,0,0,-0.370178,-0.370178
47,17,0.443838,0,0,0,0,1.14451,1.14451
47,18,-0.408284,0,0,0,0,-1.05283,-1.05283
47,19,-0.077583,0,0,0,0,-0.200061,-0.200061
47,20,0.418862,0,0,0,0,1.0801,1.0801
47,21,0.0372754,0,0,0,0,0.0961208,0.0961208
48,1,0.166131,0,0,0,0,0.428396,0.428396
48,2,-0.182039,0,0,0,0,-0.469418,-0.469418
48,3,0.524933,0,0,0,0,1.35363,1.35363
48,4,-0.139963,0,0,0,0,-0.360918,-0.360918
48,5,0.730427,0,0,0,0,1.88353,1.88353
48,6,-0.23059,0,0,0,0,-0.594614,-0.594614
48,7,0.354992,0,0,0,0,0.915406,0.915406
48,8,0.602295,0,0,0,0,1.55312,1.55312
48,9,-0.291119,0,0,0,0,-0.750698,-0.750698
48,10,0.143826,0,0,0,0,0.370879,0.370879
48,11,-0.179403,0,0,0,0,-0.46262,-0.46262
48,12,-0.519658,0,0,0,0,-1.34002,-1.34002
48,13,-0.08029,0,0,0,0,-0.207041,-0.207041
48,14,-0.417083,0,0,0,0,-1.07552,-1.07552
48,15,0.126787,0,0,0,0,0.326941,0.326941
48,16,-0.380048,0,0,0,0,-0.980017,-0.980017
48,17,-0.0394438,0,0,0,0,-0.101712,-0.101712
48,18,0.251092,0,0,0,0,0.647482,0.647482
48,19,-0.38812,0,0,0,0,-1.00083,-1.00083
48,20,0.184323,0,0,0,0,0.475307,0.475307
48,21,-0.228637,0,0,0,0,-0.589578,-0.589578
49,1,0.412912,0,0,0,0,1.06476,1.06476
49,2,-0.360222,0,0,0,0,-0.928892,-0.928892
49,3,0.509865,0,0,0,0,1.31477,1.31477
49,4,0.040599,0,0,0,0,0.104691,0.104691
49,5,0.478946,0,0,0,0,1.23504,1.23504
49,6,0.909806,0,0,0,0,2.34609,2.34609
49,7,0.643217,0,0,0,0,1.65864,1.65864
49,8,-0.159577,0,0,0,0,-0.411496,-0.411496
49,9,-0.211799,0,0,0,0,-0.546159,-0.546159
49,10,-0.226683,0,0,0,0,-0.58454,-0.58454
49,11,-0.262207,0,0,0,0,-0.676144,-0.676144
49,12,-0.338821,0,0,0,0,-0.873706,-0.873706
49,13,0.756031,0,0,0,0,1.94955,1.94955
49,14,-0.125252,0,0,0,0,-0.322983,-0.322983
49,15,-0.455483,0,0,0,0,-1.17454,-1.17454
49,16,0.157674,0,0,0,0,0.406588,0.406588
49,17,-0.282424,0,0,0,0,-0.728277,-0.728277
49,18,-0.992415,0,0,0,0,-2.55911,-2.55911
49,19,-0.375755,0,0,0,0,-0.968946,-0.968946
49,20,-0.534399,0,0,0,0,-1.37804,-1.37804
49,21,-0.194538,0,0,0,0,-0.501648,-0.501648
50,1,-0.143248,0,0,0,0,-0.369389,-0.369389
50,2,-0.215404,0,0,0,0,-0.555455,-0.555455
50,3,0.385781,0,0,0,0,0.9948,0.9948
50,4,0.0209537,0,0,0,0,0.0540326,0.0540326
50,5,0.370629,0,0,0,0,0.955728,0.955728
50,6,-0.497758,0,0,0,0,-1.28355,-1.28355
50,7,0.113863,0,0,0,0,0.293615,0.293615
50,8,0.514788,0,0,0,0,1.32747,1.32747
50,9,0.130583,0,0,0,0,0.33673,0.33673
50,10,-0.0683454,0,0,0,0,-0.17624,-0.17624
50,11,0.24073,0,0,0,0,0.620762,0.620762
50,12,0.415888,0,0,0,0,1.07244,1.07244
50,13,0.0925043,0,0,0,0,0.238538,0.238538
50,14,-0.344791,0,0,0,0,-0.889101,-0.889101
50,15,-0.179177,0,0,0,0,-0.462038,-0.462038
50,16,0.136442,0,0,0,0,0.351838,0.351838
50,17,0.0694729,0,0,0,0,0.179147,0.179147
50,18,-0.304382,0,0,0,0,-0.784899,-0.784899
50,19,-0.0614312,0,0,0,0,-0.158411,-0.158411
50,20,0.0344918,0,0,0,0,0.0889428,0.0889428
50,21,0.16535,0,0,0,0,0.426382,0.426382
51,1,0.184991,0,0,0,0,0.47703,0.47703
51,2,-0.408296,0,0,0,0,-1.05286,-1.05286
51,3,-0.167847,0,0,0,0,-0.432821,-0.432821
51,4,0.189257,0,0,0,0,0.48803,0.48803
51,5,0.147588,0,0,0,0,0.38058,0.38058
51,6,0.283068,0,0,0,0,0.729938,0.729938
51,7,-0.482337,0,0,0,0,-1.24379,-1.24379
51,8,-0.174057,0,0,0,0,-0.448835,-0.448835
51,9,-0.0692895,0,0,0,0,-0.178674,-0.178674
51,10,0.513966,0,0,0,0,1.32535,1.32535
51,11,-0.176654,0,0,0,0,-0.455532,-0.455532
51,12,-0.18857,0,0,0,0,-0.486259,-0.486259
51,13,-0.347431,0,0,0,0,-0.895908,-0.895908
51,14,-0.236096,0,0,0,0,-0.608813,-0.608813
51,15,-0.0608884,0,0,0,0,-0.157011,-0.157011
51,16,1.14634,0,0,0,0,2.95603,2.95603
51,17,0.295238,0,0,0,0,0.76132,0.76132
51,18,0.456266,0,0,0,0,1.17656,1.17656
51,19,0.52048,0,0,0,0,1.34214,1.34214
51,20,-0.0154131,0,0,0,0,-0.0397452,-0.0397452
51,21,-0.0185898,0,0,0,0,-0.0479369,-0.0479369
52,1,0.644627,0,0,0,0,1.66228,1.66228
52,2,0.783752,0,0,0,0,2.02103,2.02103
52,3,0.270462,0,0,0,0,0.697431,0.697431
52,4,-0.122865,0,0,0,0,-0.316828,-0.316828
52,5,-0.155469,0,0,0,0,-0.400903,-0.400903
52,6,-0.151199,0,0,0,0,-0.389892,-0.389892
52,7,-0.175164,0,0,0,0,-0.451689,-0.451689
52,8,0.796591,0,0,0,0,2.05414,2.05414
52,9,-0.126993,0,0,0,0,-0.327472,-0.327472
52,10,0.0476677,0,0,0,0,0.122919,0.122919
52,11,-0.411857,0,0,0,0,-1.06204,-1.06204
52,12,0.147604,0,0,0,0,0.380621,0.380621
52,13,0.00652183,0,0,0,0,0.0168176,0.0168176
52,14,0.0171363,0,0,0,0,0.0441888,0.0441888
52,15,-0.549233,0,0,0,0,-1.41629,-1.41629
52,16,0.466962,0,0,0,0,1.20414,1.20414
52,17,-0.542036,0,0,0,0,-1.39773,-1.39773
52,18,0.609439,0,0,0,0,1.57154,1.57154
52,19,0.14147,0,0,0,0,0.364804,0.364804
52,20,-0.624708,0,0,0,0,-1.61091,-1.61091
52,21,-0.0585689,0,0,0,0,-0.15103,-0.15103
53,1,0.364842,0,0,0,0,0.940805,0.940805
53,2,0.747884,0,0,0,0,1.92854,1.92854
53,3,-0.0297576,0,0,0,0,-0.0767349,-0.0767349
53,4,0.0787646,0,0,0,0,0.203108,0.203108
53,5,-0.287289,0,0,0,0,-0.740822,-0.740822
53,6,-0.149719,0,0,0,0,-0.386075,-0.386075
53,7,0.0856213,0,0,0,0,0.220789,0.220789
53,8,-0.57886,0,0,0,0,-1.49269,-1.49269
53,9,-0.122995,0,0,0,0,-0.317163,-0.317163
53,10,0.221569,0,0,0,0,0.571352,0.571352
53,11,0.426984,0,0,0,0,1.10105,1.10105
53,12,-0.0255486,0,0,0,0,-0.0658813,-0.0658813
53,13,0.285022,0,0,0,0,0.734976,0.734976
53,14,-0.0736207,0,0,0,0,-0.189843,-0.189843
53,15,0.287713,0,0,0,0,0.741916,0.741916
53,16,-0.430709,0,0,0,0,-1.11065,-1.11065
53,17,-0.988391,0,0,0,0,-2.54873,-2.54873
53,18,0.614954,0,0,0,0,1.58576,1.58576
53,19,-0.51312,0,0,0,0,-1.32316,-1.32316
53,20,-0.22188,0,0,0,0,-0.572154,-0.572154
53,21,0.325529,0,0,0,0,0.83943,0.83943
54,1,0.124976,0,0,0,0,0.322271,0.322271
54,2,0.263822,0,0,0,0,0.680309,0.680309
54,3,-0.195417,0,0,0,0,-0.503915,-0.503915
54,4,-0.107268,0,0,0,0,-0.276608,-0.276608
54,5,0.179808,0,0,0,0,0.463665,0.463665
54,6,-0.486083,0,0,0,0,-1.25345,-1.25345
54,7,-0.309046,0,0,0,0,-0.796926,-0.796926
54,8,-0.581193,0,0,0,0,-1.4987,-1.4987
54,9,-0.44896,0,0,0,0,-1.15772,-1.15772
54,10,-0.342632,0,0,0,0,-0.883533,-0.883533
54,11,-0.274185,0,0,0,0,-0.707031,-0.707031
54,12,-0.0300712,0,0,0,0,-0.0775436,-0.0775436
54,13,0.232473,0,0,0,0,0.59947,0.59947
54,14,0.416444,0,0,0,0,1.07387,1.07387
54,15,-0.106107,0,0,0,0,-0.273614,-0.273614
54,16,0.569737,0,0,0,0,1.46916,1.46916
54,17,-0.620454,0,0,0,0,-1.59994,-1.59994
54,18,-0.242973,0,0,0,0,-0.626546,-0.626546
54,19,-0.337897,0,0,0,0,-0.871323,-0.871323
54,20,0.135723,0,0,0,0,0.349984,0.349984
54,21,0.28776,0,0,0,0,0.742037,0.742037
55,1,0.0616567,0,0,0,0,0.158992,0.158992
55,2,0.381141,0,0,0,0,0.982835,0.982835
55,3,0.644153,0,0,0,0,1.66105,1.66105
55,4,0.724454,0,0,0,0,1.86812,1.86812
55,5,0.563849,0,0,0,0,1.45398,1.45398
55,6,0.268804,0,0,0,0,0.693156,0.693156
55,7,-0.207489,0,0,0,0,-0.535045,-0.535045
55,8,-0.17902,0,0,0,0,-0.461633,-0.461633
55,9,0.988458,0,0,0,0,2.5489,2.5489
55,10,-1.04558,0,0,0,0,-2.6962,-2.6962
55,11,-0.474932,0,0,0,0,-1.22469,-1.22469
55,12,-0.216015,0,0,0,0,-0.55703,-0.55703
55,13,0.154391,0,0,0,0,0.398123,0.398123
55,14,0.0876426,0,0,0,0,0.226001,0.226001
55,15,0.243639,0,0,0,0,0.628263,0.628263
55,16,-0.996184,0,0,0,0,-2.56883,-2.56883
55,17,0.137763,0,0,0,0,0.355245,0.355245
55,18,-0.586163,0,0,0,0,-1.51152,-1.51152
55,19,-0.421895,0,0,0,0,-1.08793,-1.08793
55,20,0.873919,0,0,0,0,2.25354,2.25354
55,21,0.00108219,0,0,0,0,0.00279061,0.00279061
56,1,0.526492,0,0,0,0,1.35765,1.35765
56,2,-0.0474716,0,0,0,0,-0.122413,-0.122413
56,3,0.323895,0,0,0,0,0.835217,0.835217
56,4,0.0142173,0,0,0,0,0.0366617,0.0366617
56,5,-0.0366292,0,0,0,0,-0.0944544,-0.0944544
56,6,-0.299422,0,0,0,0,-0.772109,-0.772109
56,7,-0.142796,0,0,0,0,-0.368223,-0.368223
56,8,-0.322914,0,0,0,0,-0.832687,-0.832687
56,9,-0.101099,0,0,0,0,-0.2607,-0.2607
56,10,0.0382467,0,0,0,0,0.0986254,0.0986254
56,11,-0.722978,0,0,0,0,-1.86432,-1.86432
56,12,1.04285,0,0,0,0,2.68916,2.68916
56,13,-0.214522,0,0,0,0,-0.55318,-0.55318
56,14,-0.496931,0,0,0,0,-1.28142,-1.28142
56,15,0.0675469,0,0,0,0,0.174181,0.174181
56,16,0.16561,0,0,0,0,0.427053,0.427053
56,17,0.0861998,0,0,0,0,0.22228,0.22228
56,18,0.218682,0,0,0,0,0.563908,0.563908
56,19,0.101024,0,0,0,0,0.260507,0.260507
56,20,-0.591769,0,0,0,0,-1.52597,-1.52597
56,21,-0.089841,0,0,0,0,-0.23167,-0.23167
57,1,-0.154587,0,0,0,0,-0.398628,-0.398628
57,2,-0.012139,0,0,0,0,-0.0313024,-0.0313024
57,3,0.0591704,0,0,0,0,0.152581,0.152581
57,4,-0.173772,0,0,0,0,-0.4481,-0.4481
57,5,0.185597,0,0,0,0,0.478593,0.478593
57,6,-0.449884,0,0,0,0,-1.1601,-1.1601
57,7,0.187422,0,0,0,0,0.483299,0.483299
57,8,-0.0927388,0,0,0,0,-0.239142,-0.239142
57,9,-0.832078,0,0,0,0,-2.14565,-2.14565
57,10,-0.242656,0,0,0,0,-0.625729,-0.625729
57,11,0.492052,0,0,0,0,1.26884,1.26884
57,12,-0.296373,0,0,0,0,-0.764247,-0.764247
57,13,-0.214774,0,0,0,0,-0.55383,-0.55383
57,14,-0.318152,0,0,0,0,-0.820408,-0.820408
57,15,-0.360227,0,0,0,0,-0.928905,-0.928905
57,16,0.0258808,0,0,0,0,0.0667379,0.0667379
57,17,-0.143469,0,0,0,0,-0.369959,-0.369959
57,18,-0.82458,0,0,0,0,-2.12632,-2.12632
57,19,0.481711,0,0,0,0,1.24217,1.24217
57,20,-0.217117,0,0,0,0,-0.559872,-0.559872
57,21,0.0121687,0,0,0,0,0.031379,0.031379
58,1,-0.512848,0,0,0,0,-1.32246,-1.32246
58,2,-0.116056,0,0,0,0,-0.29927,-0.29927
58,3,0.416462,0,0,0,0,1.07392,1.07392
58,4,-0.226758,0,0,0,0,-0.584733,-0.584733
58,5,0.0850777,0,0,0,0,0.219387,0.219387
58,6,1.09946,0,0,0,0,2.83514,2.83514
58,7,-0.268689,0,0,0,0,-0.692859,-0.692859
58,8,-0.174094,0,0,0,0,-0.44893,-0.44893
58,9,-0.202664,0,0,0,0,-0.522603,-0.522603
58,10,-0.327539,0,0,0,0,-0.844613,-0.844613
58,11,0.539425,0,0,0,0,1.391,1.391
58,12,0.436902,0,0,0,0,1.12662,1.12662
58,13,0.352806,0,0,0,0,0.909769,0.909769
58,14,-0.057797,0,0,0,0,-0.149039,-0.149039
58,15,0.575972,0,0,0,0,1.48524,1.48524
58,16,0.239387,0,0,0,0,0.617299,0.617299
58,17,-0.266682,0,0,0,0,-0.687684,-0.687684
58,18,-0.0842905,0,0,0,0,-0.217357,-0.217357
58,19,0.338963,0,0,0,0,0.874072,0.874072
58,20,-0.834716,0,0,0,0,-2.15245,-2.15245
58,21,0.128902,0,0,0,0,0.332395,0.332395
59,1,-0.163406,0,0,0,0,-0.421369,-0.421369
59,2,-0.0572514,0,0,0,0,-0.147632,-0.147632
59,3,-0.278993,0,0,0,0,-0.71943,-0.71943
59,4,0.134422,0,0,0,0,0.346629,0.346629
59,5,-0.543044,0,0,0,0,-1.40033,-1.40033
59,6,0.0924411,0,0,0,0,0.238375,0.238375
59,7,-0.194594,0,0,0,0,-0.501793,-0.501793
59,8,-0.34253,0,0,0,0,-0.88327,-0.88327
59,9,0.678578,0,0,0,0,1.74983,1.74983
59,10,0.0351681,0,0,0,0,0.0906868,0.0906868
59,11,-0.253311,0,0,0,0,-0.653204,-0.653204
59,12,0.0585685,0,0,0,0,0.151029,0.151029
59,13,-0.282907,0,0,0,0,-0.729522,-0.729522
59,14,-0.158347,0,0,0,0,-0.408324,-0.408324
59,15,-0.0906231,0,0,0,0,-0.233687,-0.233687
59,16,0.164479,0,0,0,0,0.424136,0.424136
59,17,0.00972794,0,0,0,0,0.0250851,0.0250851
59,18,0.988828,0,0,0,0,2.54986,2.54986
59,19,0.49032,0,0,0,0,1.26437,1.26437
59,20,0.517752,0,0,0,0,1.33511,1.33511
59,21,-0.0711134,0,0,0,0,-0.183378,-0.183378
60,1,-0.758556,0,0,0,0,-1.95606,-1.95606
60,2,-0.4138,0,0,0,0,-1.06705,-1.06705
60,3,-0.102815,0,0,0,0,-0.265125,-0.265125
60,4,0.348794,0,0,0,0,0.899423,0.899423
60,5,0.196779,0,0,0,0,0.507427,0.507427
60,6,-0.126186,0,0,0,0,-0.325391,-0.325391
60,7,0.0538088,0,0,0,0,0.138755,0.138755
60,8,-0.406557,0,0,0,0,-1.04837,-1.04837
60,9,0.123342,0,0,0,0,0.318058,0.318058
60,10,-0.18497,0,0,0,0,-0.476976,-0.476976
60,11,0.518224,0,0,0,0,1.33633,1.33633
60,12,-0.131496,0,0,0,0,-0.339084,-0.339084
60,13,-0.250843,0,0,0,0,-0.64684,-0.64684
60,14,0.406705,0,0,0,0,1.04876,1.04876
60,15,0.225806,0,0,0,0,0.582278,0.582278
60,16,0.581518,0,0,0,0,1.49954,1.49954
60,17,0.656418,0,0,0,0,1.69268,1.69268
60,18,-0.799584,0,0,0,0,-2.06186,-2.06186
60,19,0.427101,0,0,0,0,1.10135,1.10135
60,20,0.354044,0,0,0,0,0.912961,0.912961
60,21,-0.343699,0,0,0,0,-0.886285,-0.886285
61,1,0.29306,0,0,0,0,0.755704,0.755704
61,2,-0.224706,0,0,0,0,-0.579442,-0.579442
61,3,0.241748,0,0,0,0,0.623387,0.623387
61,4,-0.399991,0,0,0,0,-1.03144,-1.03144
61,5,0.0427497,0,0,0,0,0.110237,0.110237
61,6,-0.736162,0,0,0,0,-1.89832,-1.89832
61,7,0.0801021,0,0,0,0,0.206557,0.206557
61,8,0.393144,0,0,0,0,1.01379,1.01379
61,9,0.0498946,0,0,0,0,0.128661,0.128661
61,10,-0.178174,0,0,0,0,-0.459451,-0.459451
61,11,0.32366,0,0,0,0,0.834611,0.834611
61,12,0.609384,0,0,0,0,1.5714,1.5714
61,13,-0.0542978,0,0,0,0,-0.140016,-0.140016
61,14,-0.273132,0,0,0,0,-0.704316,-0.704316
61,15,0.241821,0,0,0,0,0.623575,0.623575
61,16,0.401208,0,0,0,0,1.03458,1.03458
61,17,0.338566,0,0,0,0,0.873048,0.873048
61,18,0.0146145,0,0,0,0,0.0376859,0.0376859
61,19,-0.0488018,0,0,0,0,-0.125844,-0.125844
61,20,0.0878805,0,0,0,0,0.226614,0.226614
61,21,-0.189278,0,0,0,0,-0.488085,-0.488085
62,1,-0.23375,0,0,0,0,-0.602763,-0.602763
62,2,-0.463523,0,0,0,0,-1.19527,-1.19527
62,3,0.353018,0,0,0,0,0.910315,0.910315
62,4,0.0811928,0,0,0,0,0.209369,0.209369
62,5,0.568968,0,0,0,0,1.46718,1.46718
62,6,-0.318808,0,0,0,0,-0.822099,-0.822099
62,7,0.058768,0,0,0,0,0.151543,0.151543
62,8,-0.326533,0,0,0,0,-0.842019,-0.842019
62,9,-0.267212,0,0,0,0,-0.68905,-0.68905
62,10,0.00989292,0,0,0,0,0.0255105,0.0255105
62,11,0.588714,0,0,0,0,1.5181,1.5181
62,12,0.325689,0,0,0,0,0.839843,0.839843
62,13,0.159627,0,0,0,0,0.411625,0.411625
62,14,0.0223546,0,0,0,0,0.057645,0.057645
62,15,0.263072,0,0,0,0,0.678375,0.678375
62,16,-0.113853,0,0,0,0,-0.293589,-0.293589
62,17,-0.471554,0,0,0,0,-1.21598,-1.21598
62,18,0.734472,0,0,0,0,1.89396,1.89396
62,19,-0.372731,0,0,0,0,-0.961148,-0.961148
62,20,-0.656851,0,0,0,0,-1.6938,-1.6938
62,21,0.0489407,0,0,0,0,0.126202,0.126202
63,1,-0.006987,0,0,0,0,-0.0180171,-0.0180171
63,2,0.196482,0,0,0,0,0.506661,0.506661
63,3,0.144175,0,0,0,0,0.371779,0.371779
63,4,-0.48192,0,0,0,0,-1.24271,-1.24271
63,5,0.133461,0,0,0,0,0.344151,0.344151
63,6,-0.175992,0,0,0,0,-0.453824,-0.453824
63,7,0.133563,0,0,0,0,0.344414,0.344414
63,8,-0.343706,0,0,0,0,-0.886303,-0.886303
63,9,-0.497995,0,0,0,0,-1.28416,-1.28416
63,10,0.301764,0,0,0,0,0.778148,0.778148
63,11,-0.665348,0,0,0,0,-1.71571,-1.71571
63,12,0.330267,0,0,0,0,0.851648,0.851648
63,13,0.433937,0,0,0,0,1.11898,1.11898
63,14,-0.423093,0,0,0,0,-1.09102,-1.09102
63,15,0.434769,0,0,0,0,1.12112,1.12112
63,16,-0.104123,0,0,0,0,-0.268498,-0.268498
63,17,-0.54717,0,0,0,0,-1.41097,-1.41097
63,18,0.245598,0,0,0,0,0.633315,0.633315
63,19,-0.0302275,0,0,0,0,-0.0779466,-0.0779466
63,20,0.067462,0,0,0,0,0.173962,0.173962
63,21,-0.121375,0,0,0,0,-0.312985,-0.312985
64,1,0.0313171,0,0,0,0,0.0807563,0.0807563
64,2,0.127513,0,0,0,0,0.328813,0.328813
64,3,0.163848,0,0,0,0,0.422509,0.422509
64,4,-0.0803079,0,0,0,0,-0.207087,-0.207087
64,5,0.667927,0,0,0,0,1.72236,1.72236
64,6,-0.00943146,0,0,0,0,-0.0243206,-0.0243206
64,7,0.210854,0,0,0,0,0.543722,0.543722
64,8,0.213626,0,0,0,0,0.55087,0.55087
64,9,-0.340675,0,0,0,0,-0.878487,-0.878487
64,10,0.206656,0,0,0,0,0.532897,0.532897
64,11,-0.290714,0,0,0,0,-0.749654,-0.749654
64,12,-0.494317,0,0,0,0,-1.27468,-1.27468
64,13,0.112774,0,0,0,0,0.290806,0.290806
64,14,0.433702,0,0,0,0,1.11837,1.11837
64,15,-0.184355,0,0,0,0,-0.47539,-0.47539
64,16,-0.491729,0,0,0,0,-1.268,-1.268
64,17,0.265602,0,0,0,0,0.684899,0.684899
64,18,0.315997,0,0,0,0,0.81485,0.81485
64,19,0.158413,0,0,0,0,0.408494,0.408494
64,20,-0.388856,0,0,0,0,-1.00273,-1.00273
64,21,-0.247976,0,0,0,0,-0.639447,-0.639447
65,1,-0.653009,0,0,0,0,-1.68389,-1.68389
65,2,-0.251738,0,0,0,0,-0.649148,-0.649148
65,3,0.173542,0,0,0,0,0.447507,0.447507
65,4,0.557331,0,0,0,0,1.43717,1.43717
65,5,0.121849,0,0,0,0,0.314208,0.314208
65,6,0.118235,0,0,0,0,0.304888,0.304888
65,7,-0.0638134,0,0,0,0,-0.164553,-0.164553
65,8,-0.747745,0,0,0,0,-1.92818,-1.92818
65,9,0.97963,0,0,0,0,2.52614,2.52614
65,10,0.929684,0,0,0,0,2.39734,2.39734
65,11,0.0985379,0,0,0,0,0.254096,0.254096
65,12,-0.106872,0,0,0,0,-0.275587,-0.275587
65,13,-0.3417,0,0,0,0,-0.88113,-0.88113
65,14,-0.571328,0,0,0,0,-1.47326,-1.47326
65,15,-0.311314,0,0,0,0,-0.802775,-0.802775
65,16,0.257081,0,0,0,0,0.662926,0.662926
65,17,-0.602211,0,0,0,0,-1.5529,-1.5529
65,18,-0.0202647,0,0,0,0,-0.0522559,-0.0522559
65,19,0.0278406,0,0,0,0,0.0717916,0.0717916
65,20,-0.435096,0,0,0,0,-1.12197,-1.12197
65,21,0.1047,0,0,0,0,0.269986,0.269986
66,1,-0.237266,0,0,0,0,-0.61183,-0.61183
66,2,-0.297294,0,0,0,0,-0.766622,-0.766622
66,3,-0.0458267,0,0,0,0,-0.118172,-0.118172
66,4,0.112504,0,0,0,0,0.29011,0.29011
66,5,-0.313749,0,0,0,0,-0.809054,-0.809054
66,6,0.560701,0,0,0,0,1.44586,1.44586
66,7,0.202829,0,0,0,0,0.523028,0.523028
66,8,-0.339308,0,0,0,0,-0.874962,-0.874962
66,9,0.237006,0,0,0,0,0.611159,0.611159
66,10,0.200095,0,0,0,0,0.515978,0.515978
66,11,0.274417,0,0,0,0,0.70763,0.70763
66,12,0.105416,0,0,0,0,0.271833,0.271833
66,13,0.888232,0,0,0,0,2.29045,2.29045
66,14,0.220494,0,0,0,0,0.56858,0.56858
66,15,-1.00646,0,0,0,0,-2.59532,-2.59532
66,16,0.211076,0,0,0,0,0.544294,0.544294
66,17,-0.151956,0,0,0,0,-0.391844,-0.391844
66,18,0.719456,0,0,0,0,1.85524,1.85524
66,19,-0.187579,0,0,0,0,-0.483703,-0.483703
66,20,-0.361816,0,0,0,0,-0.933002,-0.933002
66,21,0.0575854,0,0,0,0,0.148493,0.148493
67,1,-0.163006,0,0,0,0,-0.420338,-0.420338
67,2,-0.713702,0,0,0,0,-1.8404,-1.8404
67,3,0.0954315,0,0,0,0,0.246086,0.246086
67,4,-0.249091,0,0,0,0,-0.642322,-0.642322
67,5,0.733568,0,0,0,0,1.89163,1.89163
67,6,-0.0344917,0,0,0,0,-0.0889425,-0.0889425
67,7,0.323314,0,0,0,0,0.833719,0.833719
67,8,-0.0967379,0,0,0,0,-0.249455,-0.249455
67,9,-0.0623286,0,0,0,0,-0.160725,-0.160725
67,10,0.924672,0,0,0,0,2.38442,2.38442
67,11,0.158789,0,0,0,0,0.409464,0.409464
67,12,0.843,0,0,0,0,2.17381,2.17381
67,13,-0.0470319,0,0,0,0,-0.12128,-0.12128
67,14,0.0775796,0,0,0,0,0.200052,0.200052
67,15,0.265655,0,0,0,0,0.685035,0.685035
67,16,-0.0099407,0,0,0,0,-0.0256337,-0.0256337
67,17,0.272217,0,0,0,0,0.701957,0.701957
67,18,-0.814308,0,0,0,0,-2.09983,-2.09983
67,19,-0.0143377,0,0,0,0,-0.0369721,-0.0369721
67,20,0.177872,0,0,0,0,0.458672,0.458672
67,21,0.161061,0,0,0,0,0.415322,0.415322
68,1,0.0834242,0,0,0,0,0.215123,0.215123
68,2,0.334453,0,0,0,0,0.862442,0.862442
68,3,0.550891,0,0,0,0,1.42056,1.42056
68,4,0.374903,0,0,0,0,0.966749,0.966749
68,5,0.772284,0,0,0,0,1.99146,1.99146
68,6,-0.187609,0,0,0,0,-0.483781,-0.483781
68,7,-0.155168,0,0,0,0,-0.400126,-0.400126
68,8,-0.280093,0,0,0,0,-0.722266,-0.722266
68,9,-0.18168,0,0,0,0,-0.468492,-0.468492
68,10,-0.246554,0,0,0,0,-0.63578,-0.63578
68,11,-0.427383,0,0,0,0,-1.10208,-1.10208
68,12,0.046292,0,0,0,0,0.119372,0.119372
68,13,0.567618,0,0,0,0,1.4637,1.4637
68,14,0.0857419,0,0,0,0,0.2211,0.2211
68,15,-0.77762,0,0,0,0,-2.00522,-2.00522
68,16,-0.312028,0,0,0,0,-0.804616,-0.804616
68,17,-0.690508,0,0,0,0,-1.78059,-1.78059
68,18,0.0716501,0,0,0,0,0.184762,0.184762
68,19,0.0898784,0,0,0,0,0.231766,0.231766
68,20,0.464942,0,0,0,0,1.19893,1.19893
68,21,-0.7683,0,0,0,0,-1.98119,-1.98119
69,1,-0.291531,0,0,0,0,-0.751761,-0.751761
69,2,-0.0527626,0,0,0,0,-0.136057,-0.136057
69,3,-0.00787503,0,0,0,0,-0.0203071,-0.0203071
69,4,-0.508899,0,0,0,0,-1.31228,-1.31228
69,5,0.407295,0,0,0,0,1.05028,1.05028
69,6,0.0980495,0,0,0,0,0.252837,0.252837
69,7,0.172817,0,0,0,0,0.445637,0.445637
69,8,0.39424,0,0,0,0,1.01661,1.01661
69,9,-0.479509,0,0,0,0,-1.23649,-1.23649
69,10,-0.356118,0,0,0,0,-0.918309,-0.918309
69,11,0.131213,0,0,0,0,0.338354,0.338354
69,12,-0.140512,0,0,0,0,-0.362333,-0.362333
69,13,0.0696663,0,0,0,0,0.179646,0.179646
69,14,0.266039,0,0,0,0,0.686026,0.686026
69,15,0.895818,0,0,0,0,2.31001,2.31001
69,16,0.171467,0,0,0,0,0.442156,0.442156
69,17,0.710357,0,0,0,0,1.83177,1.83177
69,18,-0.333977,0,0,0,0,-0.861215,-0.861215
69,19,0.322435,0,0,0,0,0.831452,0.831452
69,20,-0.111442,0,0,0,0,-0.287372,-0.287372
69,21,-0.21869,0,0,0,0,-0.563928,-0.563928
70,1,0.593269,0,0,0,0,1.52984,1.52984
70,2,0.0152467,0,0,0,0,0.0393161,0.0393161
70,3,-0.112665,0,0,0,0,-0.290525,-0.290525
70,4,0.13947,0,0,0,0,0.359646,0.359646
70,5,-0.0210976,0,0,0,0,-0.0544036,-0.0544036
70,6,0.302915,0,0,0,0,0.781116,0.781116
70,7,-0.192322,0,0,0,0,-0.495934,-0.495934
70,8,-1.02927,0,0,0,0,-2.65414,-2.65414
70,9,-0.749878,0,0,0,0,-1.93368,-1.93368
70,10,-0.179494,0,0,0,0,-0.462855,-0.462855
70,11,-0.650046,0,0,0,0,-1.67625,-1.67625
70,12,-0.848513,0,0,0,0,-2.18803,-2.18803
70,13,0.290772,0,0,0,0,0.749804,0.749804
70,14,0.105437,0,0,0,0,0.271887,0.271887
70,15,0.204882,0,0,0,0,0.528322,0.528322
70,16,0.562601,0,0,0,0,1.45076,1.45076
70,17,-0.590742,0,0,0,0,-1.52333,-1.52333
70,18,0.193436,0,0,0,0,0.498807,0.498807
70,19,-0.0928784,0,0,0,0,-0.239502,-0.239502
70,20,0.144537,0,0,0,0,0.372713,0.372713
70,21,-0.840942,0,0,0,0,-2.16851,-2.16851
71,1,-0.115939,0,0,0,0,-0.298968,-0.298968
71,2,-0.758324,0,0,0,0,-1.95546,-1.95546
71,3,-1.06125,0,0,0,0,-2.73661,-2.73661
71,4,0.148528,0,0,0,0,0.383004,0.383004
71,5,0.70666,0,0,0,0,1.82224,1.82224
71,6,-0.706421,0,0,0,0,-1.82162,-1.82162
71,7,0.260784,0,0,0,0,0.672475,0.672475
71,8,-0.153338,0,0,0,0,-0.395407,-0.395407
71,9,-0.0858263,0,0,0,0,-0.221317,-0.221317
71,10,0.661767,0,0,0,0,1.70648,1.70648
71,11,0.275877,0,0,0,0,0.711394,0.711394
71,12,0.674512,0,0,0,0,1.73934,1.73934
71,13,-0.141298,0,0,0,0,-0.36436,-0.36436
71,14,0.260423,0,0,0,0,0.671544,0.671544
71,15,0.715822,0,0,0,0,1.84587,1.84587
71,16,0.0395813,0,0,0,0,0.102067,0.102067
71,17,0.0147255,0,0,0,0,0.0379721,0.0379721
71,18,-0.332274,0,0,0,0,-0.856823,-0.856823
71,19,0.497268,0,0,0,0,1.28229,1.28229
71,20,0.512906,0,0,0,0,1.32261,1.32261
71,21,-0.301933,0,0,0,0,-0.778584,-0.778584
72,1,-0.337405,0,0,0,0,-0.870055,-0.870055
72,2,-0.0482285,0,0,0,0,-0.124365,-0.124365
72,3,-0.0455538,0,0,0,0,-0.117468,-0.117468
72,4,-0.036886,0,0,0,0,-0.0951166,-0.0951166
72,5,-0.356712,0,0,0,0,-0.919841,-0.919841
72,6,0.0427252,0,0,0,0,0.110174,0.110174
72,7,-0.13888,0,0,0,0,-0.358125,-0.358125
72,8,0.0312482,0,0,0,0,0.0805786,0.0805786
72,9,0.10832,0,0,0,0,0.279321,0.279321
72,10,-0.31906,0,0,0,0,-0.822749,-0.822749
72,11,-0.502747,0,0,0,0,-1.29642,-1.29642
72,12,0.511782,0,0,0,0,1.31971,1.31971
72,13,0.281066,0,0,0,0,0.724775,0.724775
72,14,-0.423216,0,0,0,0,-1.09133,-1.09133
72,15,-0.0225416,0,0,0,0,-0.0581272,-0.0581272
72,16,-0.712788,0,0,0,0,-1.83804,-1.83804
72,17,-0.508997,0,0,0,0,-1.31253,-1.31253
72,18,-0.534603,0,0,0,0,-1.37856,-1.37856
72,19,-0.235966,0,0,0,0,-0.608477,-0.608477
72,20,-0.0934884,0,0,0,0,-0.241075,-0.241075
72,21,-0.195061,0,0,0,0,-0.502997,-0.502997
73,1,-0.680256,0,0,0,0,-1.75415,-1.75415
73,2,-0.0687317,0,0,0,0,-0.177236,-0.177236
73,3,0.0453795,0,0,0,0,0.117019,0.117019
73,4,0.606567,0,0,0,0,1.56413,1.56413
73,5,0.547086,0,0,0,0,1.41075,1.41075
73,6,0.0262985,0,0,0,0,0.067815,0.067815
73,7,-0.376946,0,0,0,0,-0.972018,-0.972018
73,8,0.272046,0,0,0,0,0.701516,0.701516
73,9,-0.254871,0,0,0,0,-0.657227,-0.657227
73,10,0.324757,0,0,0,0,0.83744,0.83744
73,11,0.632874,0,0,0,0,1.63197,1.63197
73,12,-0.321538,0,0,0,0,-0.829139,-0.829139
73,13,-0.382082,0,0,0,0,-0.985262,-0.985262
73,14,-0.947651,0,0,0,0,-2.44367,-2.44367
73,15,-0.440207,0,0,0,0,-1.13515,-1.13515
73,16,0.604919,0,0,0,0,1.55988,1.55988
73,17,0.188905,0,0,0,0,0.487123,0.487123
73,18,0.182039,0,0,0,0,0.469418,0.469418
73,19,-0.517894,0,0,0,0,-1.33548,-1.33548
73,20,-0.657129,0,0,0,0,-1.69452,-1.69452
73,21,0.206611,0,0,0,0,0.532781,0.532781
74,1,0.145354,0,0,0,0,0.374819,0.374819
74,2,0.387262,0,0,0,0,0.998619,0.998619
74,3,0.530845,0,0,0,0,1.36887,1.36887
74,4,-0.00417903,0,0,0,0,-0.0107763,-0.0107763
74,5,0.527947,0,0,0,0,1.3614,1.3614
74,6,0.46514,0,0,0,0,1.19944,1.19944
74,7,-0.207954,0,0,0,0,-0.536244,-0.536244
74,8,0.358428,0,0,0,0,0.924266,0.924266
74,9,0.694189,0,0,0,0,1.79008,1.79008
74,10,0.477021,0,0,0,0,1.23008,1.23008
74,11,-0.0950121,0,0,0,0,-0.245004,-0.245004
74,12,-0.0302287,0,0,0,0,-0.0779497,-0.0779497
74,13,0.0434326,0,0,0,0,0.111998,0.111998
74,14,0.0576809,0,0,0,0,0.14874,0.14874
74,15,-0.134877,0,0,0,0,-0.347803,-0.347803
74,16,-0.109755,0,0,0,0,-0.283021,-0.283021
74,17,-0.0364806,0,0,0,0,-0.0940713,-0.0940713
74,18,0.220905,0,0,0,0,0.56964,0.56964
74,19,-0.692219,0,0,0,0,-1.785,-1.785
74,20,0.222732,0,0,0,0,0.574351,0.574351
74,21,0.0490336,0,0,0,0,0.126441,0.126441
75,1,-0.0504938,0,0,0,0,-0.130207,-0.130207
75,2,0.23976,0,0,0,0,0.618261,0.618261
75,3,0.0101353,0,0,0,0,0.0261355,0.0261355
75,4,0.547122,0,0,0,0,1.41084,1.41084
75,5,-0.0150301,0,0,0,0,-0.0387576,-0.0387576
75,6,-0.217658,0,0,0,0,-0.561267,-0.561267
75,7,-0.78389,0,0,0,0,-2.02139,-2.02139
75,8,0.688536,0,0,0,0,1.7755,1.7755
75,9,-0.825215,0,0,0,0,-2.12795,-2.12795
75,10,-0.199148,0,0,0,0,-0.513536,-0.513536
75,11,0.338741,0,0,0,0,0.8735,0.8735
75,12,-0.353805,0,0,0,0,-0.912345,-0.912345
75,13,-0.13966,0,0,0,0,-0.360136,-0.360136
75,14,0.088601,0,0,0,0,0.228472,0.228472
75,15,0.571249,0,0,0,0,1.47306,1.47306
75,16,-0.0754017,0,0,0,0,-0.194436,-0.194436
75,17,-0.0873188,0,0,0,0,-0.225166,-0.225166
75,18,0.115156,0,0,0,0,0.296949,0.296949
75,19,0.0272516,0,0,0,0,0.0702728,0.0702728
75,20,0.447096,0,0,0,0,1.15291,1.15291
75,21,0.404546,0,0,0,0,1.04319,1.04319
76,1,-0.946871,0,0,0,0,-2.44166,-2.44166
76,2,-0.559694,0,0,0,0,-1.44326,-1.44326
76,3,-0.061478,0,0,0,0,-0.158531,-0.158531
76,4,-0.149863,0,0,0,0,-0.386447,-0.386447
76,5,-0.37746,0,0,0,0,-0.973343,-0.973343
76,6,-0.341213,0,0,0,0,-0.879874,-0.879874
76,7,0.341214,0,0,0,0,0.879877,0.879877
76,8,-0.125886,0,0,0,0,-0.324618,-0.324618
76,9,0.585544,0,0,0,0,1.50992,1.50992
76,10,-0.507166,0,0,0,0,-1.30781,-1.30781
76,11,-0.00192857,0,0,0,0,-0.00497314,-0.00497314
76,12,-0.641573,0,0,0,0,-1.6544,-1.6544
76,13,-0.237729,0,0,0,0,-0.613024,-0.613024
76,14,0.0543711,0,0,0,0,0.140205,0.140205
76,15,0.14767,0,0,0,0,0.380792,0.380792
76,16,0.478958,0,0,0,0,1.23507,1.23507
76,17,-0.150439,0,0,0,0,-0.387932,-0.387932
76,18,0.384708,0,0,0,0,0.992033,0.992033
76,19,-0.241106,0,0,0,0,-0.621732,-0.621732
76,20,-0.249352,0,0,0,0,-0.642995,-0.642995
76,21,-0.153551,0,0,0,0,-0.395957,-0.395957
77,1,0.329097,0,0,0,0,0.848631,0.848631
77,2,0.197286,0,0,0,0,0.508735,0.508735
77,3,-0.237005,0,0,0,0,-0.611157,-0.611157
77,4,0.146378,0,0,0,0,0.37746,0.37746
77,5,0.707343,0,0,0,0,1.824,1.824
77,6,0.0856634,0,0,0,0,0.220897,0.220897
77,7,0.593805,0,0,0,0,1.53122,1.53122
77,8,0.447034,0,0,0,0,1.15275,1.15275
77,9,0.468511,0,0,0,0,1.20813,1.20813
77,10,-0.324212,0,0,0,0,-0.836034,-0.836034
77,11,0.695809,0,0,0,0,1.79426,1.79426
77,12,0.133906,0,0,0,0,0.345299,0.345299
77,13,-0.112488,0,0,0,0,-0.290069,-0.290069
77,14,-0.31288,0,0,0,0,-0.806813,-0.806813
77,15,0.111206,0,0,0,0,0.286763,0.286763
77,16,-0.2732,0,0,0,0,-0.704491,-0.704491
77,17,-0.636954,0,0,0,0,-1.64249,-1.64249
77,18,0.165864,0,0,0,0,0.427708,0.427708
77,19,-0.386419,0,0,0,0,-0.996445,-0.996445
77,20,0.883736,0,0,0,0,2.27886,2.27886
77,21,0.0988574,0,0,0,0,0.25492,0.25492
78,1,-0.182723,0,0,0,0,-0.471181,-0.471181
78,2,-0.0234761,0,0,0,0,-0.060537,-0.060537
78,3,-0.156527,0,0,0,0,-0.403631,-0.403631
78,4,-0.409905,0,0,0,0,-1.05701,-1.05701
78,5,0.524924,0,0,0,0,1.3536,1.3536
78,6,-0.0904193,0,0,0,0,-0.233161,-0.233161
78,7,0.0524229,0,0,0,0,0.135181,0.135181
78,8,0.0725644,0,0,0,0,0.187119,0.187119
78,9,0.0564853,0,0,0,0,0.145657,0.145657
78,10,0.269228,0,0,0,0,0.694249,0.694249
78,11,0.505918,0,0,0,0,1.30459,1.30459
78,12,-0.129807,0,0,0,0,-0.334729,-0.334729
78,13,-0.0488424,0,0,0,0,-0.125948,-0.125948
78,14,0.646693,0,0,0,0,1.6676,1.6676
78,15,-0.200502,0,0,0,0,-0.517028,-0.517028
78,16,-0.16011,0,0,0,0,-0.41287,-0.41287
78,17,0.040588,0,0,0,0,0.104663,0.104663
78,18,-0.132802,0,0,0,0,-0.342452,-0.342452
78,19,-0.108576,0,0,0,0,-0.279981,-0.279981
78,20,-0.211166,0,0,0,0,-0.544526,-0.544526
78,21,-0.518804,0,0,0,0,-1.33782,-1.33782
79,1,-0.357753,0,0,0,0,-0.922525,-0.922525
79,2,0.109086,0,0,0,0,0.281296,0.281296
79,3,-0.46382,0,0,0,0,-1.19604,-1.19604
79,4,-0.525435,0,0,0,0,-1.35492,-1.35492
79,5,-0.476663,0,0,0,0,-1.22915,-1.22915
79,6,-0.135347,0,0,0,0,-0.349015,-0.349015
79,7,0.106964,0,0,0,0,0.275824,0.275824
79,8,0.604459,0,0,0,0,1.5587,1.5587
79,9,-0.133596,0,0,0,0,-0.344499,-0.344499
79,10,-0.246476,0,0,0,0,-0.635579,-0.635579
79,11,0.49088,0,0,0,0,1.26582,1.26582
79,12,0.0267266,0,0,0,0,0.068919,0.068919
79,13,-0.166552,0,0,0,0,-0.429482,-0.429482
79,14,-0.902632,0,0,0,0,-2.32759,-2.32759
79,15,0.0473649,0,0,0,0,0.122138,0.122138
79,16,-0.22424,0,0,0,0,-0.57824,-0.57824
79,17,-0.124498,0,0,0,0,-0.321039,-0.321039
79,18,-0.454097,0,0,0,0,-1.17096,-1.17096
79,19,-0.0526037,0,0,0,0,-0.135647,-0.135647
79,20,-0.283938,0,0,0,0,-0.732181,-0.732181
79,21,-0.384119,0,0,0,0,-0.990514,-0.990514
80,1,-0.622563,0,0,0,0,-1.60538,-1.60538
80,2,0.0591033,0,0,0,0,0.152408,0.152408
80,3,0.335901,0,0,0,0,0.866176,0.866176
80,4,0.119343,0,0,0,0,0.307746,0.307746
80,5,0.00539227,0,0,0,0,0.0139049,0.0139049
80,6,0.170974,0,0,0,0,0.440885,0.440885
80,7,0.213719,0,0,0,0,0.55111,0.55111
80,8,-0.25065,0,0,0,0,-0.646342,-0.646342
80,9,-0.0967247,0,0,0,0,-0.249421,-0.249421
80,10,-0.724871,0,0,0,0,-1.8692,-1.8692
80,11,0.479471,0,0,0,0,1.2364,1.2364
80,12,0.099802,0,0,0,0,0.257356,0.257356
80,13,-0.11372,0,0,0,0,-0.293246,-0.293246
80,14,0.156189,0,0,0,0,0.402759,0.402759
80,15,0.430319,0,0,0,0,1.10965,1.10965
80,16,0.319333,0,0,0,0,0.823453,0.823453
80,17,0.239438,0,0,0,0,0.61743,0.61743
80,18,-0.482053,0,0,0,0,-1.24305,-1.24305
80,19,-0.213633,0,0,0,0,-0.550888,-0.550888
80,20,-0.0703807,0,0,0,0,-0.181488,-0.181488
80,21,0.629332,0,0,0,0,1.62284,1.62284
81,1,-0.492237,0,0,0,0,-1.26931,-1.26931
81,2,-0.199496,0,0,0,0,-0.514433,-0.514433
81,3,0.161314,0,0,0,0,0.415975,0.415975
81,4,0.109993,0,0,0,0,0.283635,0.283635
81,5,0.152619,0,0,0,0,0.393553,0.393553
81,6,-0.0468062,0,0,0,0,-0.120698,-0.120698
81,7,0.167439,0,0,0,0,0.431769,0.431769
81,8,-0.225582,0,0,0,0,-0.5817,-0.5817
81,9,0.0852214,0,0,0,0,0.219757,0.219757
81,10,-0.365333,0,0,0,0,-0.942072,-0.942072
81,11,0.0378684,0,0,0,0,0.0976499,0.0976499
81,12,-0.0406488,0,0,0,0,-0.10482,-0.10482
81,13,0.0711374,0,0,0,0,0.18344,0.18344
81,14,0.136591,0,0,0,0,0.352222,0.352222
81,15,-0.0641919,0,0,0,0,-0.165529,-0.165529
81,16,1.11064,0,0,0,0,2.86397,2.86397
81,17,-0.0157375,0,0,0,0,-0.0405817,-0.0405817
81,18,0.570533,0,0,0,0,1.47121,1.47121
81,19,0.0228349,0,0,0,0,0.0588836,0.0588836
81,20,-0.0732095,0,0,0,0,-0.188783,-0.188783
81,21,-0.362509,0,0,0,0,-0.934789,-0.934789
82,1,-0.191544,0,0,0,0,-0.493928,-0.493928
82,2,0.198605,0,0,0,0,0.512136,0.512136
82,3,-0.576735,0,0,0,0,-1.48721,-1.48721
82,4,-0.174739,0,0,0,0,-0.450593,-0.450593
82,5,0.303248,0,0,0,0,0.781975,0.781975
82,6,-0.00951917,0,0,0,0,-0.0245468,-0.0245468
82,7,0.201429,0,0,0,0,0.519418,0.519418
82,8,-0.204139,0,0,0,0,-0.526406,-0.526406
82,9,-1.03182,0,0,0,0,-2.66072,-2.66072
82,10,0.182356,0,0,0,0,0.470235,0.470235
82,11,0.653902,0,0,0,0,1.68619,1.68619
82,12,0.239662,0,0,0,0,0.618008,0.618008
82,13,-0.25707,0,0,0,0,-0.662897,-0.662897
82,14,-0.313314,0,0,0,0,-0.807932,-0.807932
82,15,-0.916502,0,0,0,0,-2.36335,-2.36335
82,16,0.42966,0,0,0,0,1.10795,1.10795
82,17,-0.856344,0,0,0,0,-2.20822,-2.20822
82,18,0.721073,0,0,0,0,1.85941,1.85941
82,19,-0.338035,0,0,0,0,-0.871679,-0.871679
82,20,0.42814,0,0,0,0,1.10403,1.10403
82,21,-0.0438298,0,0,0,0,-0.113022,-0.113022
83,1,0.793212,0,0,0,0,2.04543,2.04543
83,2,0.079045,0,0,0,0,0.203831,0.203831
83,3,-0.419413,0,0,0,0,-1.08153,-1.08153
83,4,-0.722435,0,0,0,0,-1.86292,-1.86292
83,5,-0.194187,0,0,0,0,-0.500743,-0.500743
83,6,-0.232237,0,0,0,0,-0.598861,-0.598861
83,7,-0.517806,0,0,0,0,-1.33525,-1.33525
83,8,0.122122,0,0,0,0,0.314912,0.314912
83,9,0.824017,0,0,0,0,2.12486,2.12486
83,10,-0.0954566,0,0,0,0,-0.246151,-0.246151
83,11,-0.0833718,0,0,0,0,-0.214988,-0.214988
83,12,0.147847,0,0,0,0,0.381248,0.381248
83,13,0.437878,0,0,0,0,1.12914,1.12914
83,14,0.235197,0,0,0,0,0.606494,0.606494
83,15,0.22696,0,0,0,0,0.585254,0.585254
83,16,0.0321342,0,0,0,0,0.0828633,0.0828633
83,17,0.150162,0,0,0,0,0.387218,0.387218
83,18,-0.357332,0,0,0,0,-0.92144,-0.92144
83,19,-0.152226,0,0,0,0,-0.39254,-0.39254
83,20,0.140873,0,0,0,0,0.363264,0.363264
83,21,0.336443,0,0,0,0,0.867574,0.867574
84,1,0.322494,0,0,0,0,0.831604,0.831604
84,2,0.447748,0,0,0,0,1.15459,1.15459
84,3,0.489405,0,0,0,0,1.26201,1.26201
84,4,0.69314,0,0,0,0,1.78738,1.78738
84,5,0.151296,0,0,0,0,0.390142,0.390142
84,6,-0.490066,0,0,0,0,-1.26372,-1.26372
84,7,-0.23759,0,0,0,0,-0.612665,-0.612665
84,8,0.222809,0,0,0,0,0.57455,0.57455
84,9,-0.459854,0,0,0,0,-1.18581,-1.18581
84,10,0.412213,0,0,0,0,1.06296,1.06296
84,11,0.329726,0,0,0,0,0.850253,0.850253
84,12,0.274496,0,0,0,0,0.707833,0.707833
84,13,-0.14623,0,0,0,0,-0.377078,-0.377078
84,14,0.176241,0,0,0,0,0.454467,0.454467
84,15,0.332852,0,0,0,0,0.858314,0.858314
84,16,-0.324741,0,0,0,0,-0.837398,-0.837398
84,17,0.205048,0,0,0,0,0.52875,0.52875
84,18,-0.313642,0,0,0,0,-0.808778,-0.808778
84,19,0.44255,0,0,0,0,1.14119,1.14119
84,20,-0.508956,0,0,0,0,-1.31243,-1.31243
84,21,-0.257699,0,0,0,0,-0.664519,-0.664519
85,1,0.390373,0,0,0,0,1.00664,1.00664
85,2,-0.575087,0,0,0,0,-1.48296,-1.48296
85,3,-0.0295439,0,0,0,0,-0.0761838,-0.0761838
85,4,0.379492,0,0,0,0,0.978583,0.978583
85,5,-0.402979,0,0,0,0,-1.03915,-1.03915
85,6,-0.876766,0,0,0,0,-2.26089,-2.26089
85,7,0.167944,0,0,0,0,0.433071,0.433071
85,8,-0.31158,0,0,0,0,-0.803461,-0.803461
85,9,0.49056,0,0,0,0,1.26499,1.26499
85,10,0.0403729,0,0,0,0,0.104108,0.104108
85,11,-0.448118,0,0,0,0,-1.15555,-1.15555
85,12,-0.196659,0,0,0,0,-0.507118,-0.507118
85,13,-0.543436,0,0,0,0,-1.40134,-1.40134
85,14,0.431503,0,0,0,0,1.1127,1.1127
85,15,0.205186,0,0,0,0,0.529106,0.529106
85,16,0.277729,0,0,0,0,0.71617,0.71617
85,17,-0.171762,0,0,0,0,-0.442917,-0.442917
85,18,-0.664903,0,0,0,0,-1.71456,-1.71456
85,19,0.470047,0,0,0,0,1.21209,1.21209
85,20,-0.0920975,0,0,0,0,-0.237489,-0.237489
85,21,-0.484642,0,0,0,0,-1.24973,-1.24973
86,1,-0.290284,0,0,0,0,-0.748545,-0.748545
86,2,0.20502,0,0,0,0,0.528678,0.528678
86,3,0.570879,0,0,0,0,1.47211,1.47211
86,4,-0.0882342,0,0,0,0,-0.227526,-0.227526
86,5,-0.186628,0,0,0,0,-0.481251,-0.481251
86,6,0.454447,0,0,0,0,1.17187,1.17187
86,7,-0.103393,0,0,0,0,-0.266616,-0.266616
86,8,-0.563663,0,0,0,0,-1.4535,-1.4535
86,9,-0.555244,0,0,0,0,-1.43179,-1.43179
86,10,0.0753766,0,0,0,0,0.194371,0.194371
86,11,0.181604,0,0,0,0,0.468296,0.468296
86,12,-0.0090625,0,0,0,0,-0.0233692,-0.0233692
86,13,0.0373191,0,0,0,0,0.0962335,0.0962335
86,14,-0.833258,0,0,0,0,-2.14869,-2.14869
86,15,-0.333064,0,0,0,0,-0.858861,-0.858861
86,16,-0.389485,0,0,0,0,-1.00435,-1.00435
86,17,-0.348323,0,0,0,0,-0.898208,-0.898208
86,18,0.0100385,0,0,0,0,0.0258859,0.0258859
86,19,-0.477262,0,0,0,0,-1.2307,-1.2307
86,20,-0.52136,0,0,0,0,-1.34441,-1.34441
86,21,0.351032,0,0,0,0,0.905194,0.905194
87,1,-0.275889,0,0,0,0,-0.711425,-0.711425
87,2,0.323899,0,0,0,0,0.835227,0.835227
87,3,-0.145372,0,0,0,0,-0.374866,-0.374866
87,4,0.252187,0,0,0,0,0.650306,0.650306
87,5,0.321023,0,0,0,0,0.827811,0.827811
87,6,-0.325803,0,0,0,0,-0.840137,-0.840137
87,7,-0.599543,0,0,0,0,-1.54602,-1.54602
87,8,-0.0795203,0,0,0,0,-0.205056,-0.205056
87,9,0.710849,0,0,0,0,1.83304,1.83304
87,10,-0.195804,0,0,0,0,-0.504913,-0.504913
87,11,0.44081,0,0,0,0,1.1367,1.1367
87,12,0.431805,0,0,0,0,1.11348,1.11348
87,13,0.500649,0,0,0,0,1.29101,1.29101
87,14,-0.0721261,0,0,0,0,-0.185989,-0.185989
87,15,-0.141233,0,0,0,0,-0.364193,-0.364193
87,16,0.0574943,0,0,0,0,0.148259,0.148259
87,17,0.317223,0,0,0,0,0.818012,0.818012
87,18,0.288311,0,0,0,0,0.743458,0.743458
87,19,0.572719,0,0,0,0,1.47685,1.47685
87,20,0.283544,0,0,0,0,0.731165,0.731165
87,21,-0.232582,0,0,0,0,-0.599751,-0.599751
88,1,-0.172393,0,0,0,0,-0.444544,-0.444544
88,2,0.307109,0,0,0,0,0.791931,0.791931
88,3,0.944158,0,0,0,0,2.43467,2.43467
88,4,-0.279014,0,0,0,0,-0.719484,-0.719484
88,5,0.477302,0,0,0,0,1.2308,1.2308
88,6,-0.211483,0,0,0,0,-0.545344,-0.545344
88,7,0.0956758,0,0,0,0,0.246716,0.246716
88,8,0.332525,0,0,0,0,0.857471,0.857471
88,9,0.350873,0,0,0,0,0.904784,0.904784
88,10,0.161933,0,0,0,0,0.417571,0.417571
88,11,-0.164159,0,0,0,0,-0.423311,-0.423311
88,12,0.194579,0,0,0,0,0.501754,0.501754
88,13,-0.281826,0,0,0,0,-0.726735,-0.726735
88,14,0.226928,0,0,0,0,0.585171,0.585171
88,15,0.0263138,0,0,0,0,0.0678545,0.0678545
88,16,-0.244123,0,0,0,0,-0.629512,-0.629512
88,17,-0.188877,0,0,0,0,-0.487051,-0.487051
88,18,0.468203,0,0,0,0,1.20734,1.20734
88,19,0.0461469,0,0,0,0,0.118997,0.118997
88,20,-0.29668,0,0,0,0,-0.765038,-0.765038
88,21,0.11396,0,0,0,0,0.293865,0.293865
89,1,-0.461533,0,0,0,0,-1.19014,-1.19014
89,2,0.0699952,0,0,0,0,0.180494,0.180494
89,3,-0.509842,0,0,0,0,-1.31471,-1.31471
89,4,-0.846223,0,0,0,0,-2.18213,-2.18213
89,5,0.204908,0,0,0,0,0.528389,0.528389
89,6,0.0988947,0,0,0,0,0.255016,0.255016
89,7,0.265669,0,0,0,0,0.685071,0.685071
89,8,0.149946,0,0,0,0,0.386661,0.386661
89,9,0.035247,0,0,0,0,0.0908902,0.0908902
89,10,0.279538,0,0,0,0,0.720835,0.720835
89,11,-0.601566,0,0,0,0,-1.55124,-1.55124
89,12,0.089074,0,0,0,0,0.229692,0.229692
89,13,-0.421972,0,0,0,0,-1.08812,-1.08812
89,14,0.471848,0,0,0,0,1.21674,1.21674
89,15,0.302469,0,0,0,0,0.779966,0.779966
89,16,0.351744,0,0,0,0,0.90703,0.90703
89,17,-0.15222,0,0,0,0,-0.392524,-0.392524
89,18,0.122533,0,0,0,0,0.315972,0.315972
89,19,1.00732,0,0,0,0,2.59754,2.59754
89,20,-0.222963,0,0,0,0,-0.574947,-0.574947
89,21,0.0473668,0,0,0,0,0.122143,0.122143
90,1,-0.245898,0,0,0,0,-0.634089,-0.634089
90,2,-0.331628,0,0,0,0,-0.855158,-0.855158
90,3,-0.346649,0,0,0,0,-0.893892,-0.893892
90,4,0.240176,0,0,0,0,0.619334,0.619334
90,5,0.265072,0,0,0,0,0.683532,0.683532
90,6,0.139484,0,0,0,0,0.359683,0.359683
90,7,0.472451,0,0,0,0,1.21829,1.21829
90,8,0.519856,0,0,0,0,1.34053,1.34053
90,9,0.439648,0,0,0,0,1.13371,1.13371
90,10,-0.353706,0,0,0,0,-0.912089,-0.912089
90,11,0.31018,0,0,0,0,0.79985,0.79985
90,12,0.22593,0,0,0,0,0.582598,0.582598
90,13,-0.341049,0,0,0,0,-0.879451,-0.879451
90,14,0.48802,0,0,0,0,1.25844,1.25844
90,15,-0.23006,0,0,0,0,-0.593248,-0.593248
90,16,-0.290928,0,0,0,0,-0.750206,-0.750206
90,17,0.49356,0,0,0,0,1.27273,1.27273
90,18,-0.144456,0,0,0,0,-0.372504,-0.372504
90,19,-0.225224,0,0,0,0,-0.580777,-0.580777
90,20,-0.0216649,0,0,0,0,-0.0558665,-0.0558665
90,21,0.380639,0,0,0,0,0.981541,0.981541
91,1,0.249179,0,0,0,0,0.642549,0.642549
91,2,0.187479,0,0,0,0,0.483446,0.483446
91,3,0.0376377,0,0,0,0,0.097055,0.097055
91,4,0.336047,0,0,0,0,0.866553,0.866553
91,5,-0.644942,0,0,0,0,-1.66309,-1.66309
91,6,0.456811,0,0,0,0,1.17796,1.17796
91,7,-0.812901,0,0,0,0,-2.0962,-2.0962
91,8,-0.510992,0,0,0,0,-1.31768,-1.31768
91,9,-0.0714836,0,0,0,0,-0.184332,-0.184332
91,10,0.284608,0,0,0,0,0.733909,0.733909
91,11,-0.201574,0,0,0,0,-0.519792,-0.519792
91,12,0.357648,0,0,0,0,0.922254,0.922254
91,13,0.0969031,0,0,0,0,0.249881,0.249881
91,14,-0.363475,0,0,0,0,-0.93728,-0.93728
91,15,0.217417,0,0,0,0,0.560646,0.560646
91,16,0.339193,0,0,0,0,0.874665,0.874665
91,17,-0.0775114,0,0,0,0,-0.199876,-0.199876
91,18,0.241162,0,0,0,0,0.621876,0.621876
91,19,0.598264,0,0,0,0,1.54272,1.54272
91,20,-0.445995,0,0,0,0,-1.15007,-1.15007
91,21,0.424786,0,0,0,0,1.09538,1.09538
92,1,0.207657,0,0,0,0,0.535478,0.535478
92,2,0.650574,0,0,0,0,1.67761,1.67761
92,3,0.172773,0,0,0,0,0.445524,0.445524
92,4,0.0627672,0,0,0,0,0.161856,0.161856
92,5,0.0843642,0,0,0,0,0.217547,0.217547
92,6,0.171676,0,0,0,0,0.442695,0.442695
92,7,0.226771,0,0,0,0,0.584767,0.584767
92,8,0.0508942,0,0,0,0,0.131239,0.131239
92,9,-0.383688,0,0,0,0,-0.989403,-0.989403
92,10,0.753274,0,0,0,0,1.94244,1.94244
92,11,0.121904,0,0,0,0,0.31435,0.31435
92,12,0.351227,0,0,0,0,0.905697,0.905697
92,13,-0.824118,0,0,0,0,-2.12512,-2.12512
92,14,0.307198,0,0,0,0,0.792161,0.792161
92,15,-0.00585824,0,0,0,0,-0.0151064,-0.0151064
92,16,-0.0480713,0,0,0,0,-0.12396,-0.12396
92,17,-0.930119,0,0,0,0,-2.39847,-2.39847
92,18,-0.576735,0,0,0,0,-1.48721,-1.48721
92,19,-0.112585,0,0,0,0,-0.290319,-0.290319
92,20,-0.600821,0,0,0,0,-1.54932,-1.54932
92,21,-0.633238,0,0,0,0,-1.63291,-1.63291
93,1,0.0383207,0,0,0,0,0.0988163,0.0988163
93,2,-0.0721427,0,0,0,0,-0.186032,-0.186032
93,3,-0.653912,0,0,0,0,-1.68622,-1.68622
93,4,-0.262807,0,0,0,0,-0.677691,-0.677691
93,5,-0.855882,0,0,0,0,-2.20703,-2.20703
93,6,0.190027,0,0,0,0,0.490016,0.490016
93,7,-0.257848,0,0,0,0,-0.664904,-0.664904
93,8,-0.169629,0,0,0,0,-0.437416,-0.437416
93,9,0.702462,0,0,0,0,1.81141,1.81141
93,10,0.556786,0,0,0,0,1.43576,1.43576
93,11,-0.576607,0,0,0,0,-1.48688,-1.48688
93,12,0.162754,0,0,0,0,0.419688,0.419688
93,13,0.283123,0,0,0,0,0.730079,0.730079
93,14,0.389769,0,0,0,0,1.00508,1.00508
93,15,0.169985,0,0,0,0,0.438334,0.438334
93,16,-0.316075,0,0,0,0,-0.815052,-0.815052
93,17,0.0238501,0,0,0,0,0.0615014,0.0615014
93,18,-0.490681,0,0,0,0,-1.2653,-1.2653
93,19,0.143304,0,0,0,0,0.369533,0.369533
93,20,0.354021,0,0,0,0,0.912902,0.912902
93,21,0.41336,0,0,0,0,1.06592,1.06592
94,1,0.172831,0,0,0,0,0.445673,0.445673
94,2,-0.386338,0,0,0,0,-0.996236,-0.996236
94,3,-0.455232,0,0,0,0,-1.17389,-1.17389
94,4,0.135637,0,0,0,0,0.349762,0.349762
94,5,0.127713,0,0,0,0,0.329329,0.329329
94,6,-0.0830126,0,0,0,0,-0.214062,-0.214062
94,7,-0.169847,0,0,0,0,-0.437979,-0.437979
94,8,0.252473,0,0,0,0,0.651043,0.651043
94,9,-0.249269,0,0,0,0,-0.642781,-0.642781
94,10,-0.290624,0,0,0,0,-0.749422,-0.749422
94,11,-0.244254,0,0,0,0,-0.629849,-0.629849
94,12,0.301091,0,0,0,0,0.776413,0.776413
94,13,0.711195,0,0,0,0,1.83393,1.83393
94,14,-0.218889,0,0,0,0,-0.564441,-0.564441
94,15,0.126766,0,0,0,0,0.326887,0.326887
94,16,-0.655959,0,0,0,0,-1.6915,-1.6915
94,17,0.0302605,0,0,0,0,0.0780317,0.0780317
94,18,-0.259988,0,0,0,0,-0.670422,-0.670422
94,19,0.599371,0,0,0,0,1.54558,1.54558
94,20,0.416729,0,0,0,0,1.0746,1.0746
94,21,-0.462831,0,0,0,0,-1.19349,-1.19349
95,1,-0.180943,0,0,0,0,-0.466591,-0.466591
95,2,0.0674185,0,0,0,0,0.17385,0.17385
95,3,0.325341,0,0,0,0,0.838946,0.838946
95,4,0.167658,0,0,0,0,0.432334,0.432334
95,5,-0.660739,0,0,0,0,-1.70382,-1.70382
95,6,0.616903,0,0,0,0,1.59079,1.59079
95,7,0.238051,0,0,0,0,0.613854,0.613854
95,8,-0.317467,0,0,0,0,-0.818641,-0.818641
95,9,-0.060178,0,0,0,0,-0.155179,-0.155179
95,10,-0.553019,0,0,0,0,-1.42605,-1.42605
95,11,0.0748742,0,0,0,0,0.193075,0.193075
95,12,-0.226888,0,0,0,0,-0.585068,-0.585068
95,13,0.127906,0,0,0,0,0.329827,0.329827
95,14,0.00252126,0,0,0,0,0.00650149,0.00650149
95,15,-0.392193,0,0,0,0,-1.01133,-1.01133
95,16,0.706974,0,0,0,0,1.82305,1.82305
95,17,0.0609198,0,0,0,0,0.157092,0.157092
95,18,-0.100246,0,0,0,0,-0.258501,-0.258501
95,19,0.470113,0,0,0,0,1.21226,1.21226
95,20,0.52834,0,0,0,0,1.36241,1.36241
95,21,-0.404304,0,0,0,0,-1.04256,-1.04256
96,1,0.15493,0,0,0,0,0.399513,0.399513
96,2,0.329209,0,0,0,0,0.84892,0.84892
96,3,0.0357814,0,0,0,0,0.0922683,0.0922683
96,4,-0.194288,0,0,0,0,-0.501004,-0.501004
96,5,0.322581,0,0,0,0,0.831828,0.831828
96,6,0.375207,0,0,0,0,0.967533,0.967533
96,7,-0.218325,0,0,0,0,-0.562987,-0.562987
96,8,0.248244,0,0,0,0,0.640138,0.640138
96,9,0.495264,0,0,0,0,1.27712,1.27712
96,10,-0.524448,0,0,0,0,-1.35238,-1.35238
96,11,-0.51045,0,0,0,0,-1.31628,-1.31628
96,12,0.440173,0,0,0,0,1.13506,1.13506
96,13,0.00429994,0,0,0,0,0.0110881,0.0110881
96,14,0.0392833,0,0,0,0,0.101298,0.101298
96,15,0.402684,0,0,0,0,1.03839,1.03839
96,16,0.14048,0,0,0,0,0.362251,0.362251
96,17,0.128975,0,0,0,0,0.332583,0.332583
96,18,-0.0167125,0,0,0,0,-0.0430959,-0.0430959
96,19,-0.0963249,0,0,0,0,-0.24839,-0.24839
96,20,-0.0610174,0,0,0,0,-0.157343,-0.157343
96,21,-1.02194,0,0,0,0,-2.63524,-2.63524
97,1,-0.49444,0,0,0,0,-1.275,-1.275
97,2,-0.0610821,0,0,0,0,-0.15751,-0.15751
97,3,-0.0823352,0,0,0,0,-0.212315,-0.212315
97,4,-0.178802,0,0,0,0,-0.461071,-0.461071
97,5,0.149209,0,0,0,0,0.38476,0.38476
97,6,-0.120948,0,0,0,0,-0.311884,-0.311884
97,7,-0.088561,0,0,0,0,-0.228369,-0.228369
97,8,0.121338,0,0,0,0,0.31289,0.31289
97,9,-0.137087,0,0,0,0,-0.353501,-0.353501
97,10,0.0172493,0,0,0,0,0.0444802,0.0444802
97,11,0.255729,0,0,0,0,0.659439,0.659439
97,12,0.161498,0,0,0,0,0.416449,0.416449
97,13,-0.0427039,0,0,0,0,-0.110119,-0.110119
97,14,0.428533,0,0,0,0,1.10504,1.10504
97,15,0.562256,0,0,0,0,1.44987,1.44987
97,16,0.890418,0,0,0,0,2.29609,2.29609
97,17,-0.273935,0,0,0,0,-0.706387,-0.706387
97,18,0.534677,0,0,0,0,1.37875,1.37875
97,19,0.654371,0,0,0,0,1.6874,1.6874
97,20,-0.631824,0,0,0,0,-1.62926,-1.62926
97,21,1.00346,0,0,0,0,2.58759,2.58759
98,1,-0.158123,0,0,0,0,-0.407746,-0.407746
98,2,-0.286136,0,0,0,0,-0.737849,-0.737849
98,3,0.429712,0,0,0,0,1.10808,1.10808
98,4,0.0251918,0,0,0,0,0.0649612,0.0649612
98,5,-0.0565002,0,0,0,0,-0.145695,-0.145695
98,6,-0.656846,0,0,0,0,-1.69379,-1.69379
98,7,0.101709,0,0,0,0,0.262273,0.262273
98,8,0.409682,0,0,0,0,1.05643,1.05643
98,9,0.720547,0,0,0,0,1.85805,1.85805
98,10,-0.835958,0,0,0,0,-2.15566,-2.15566
98,11,0.253244,0,0,0,0,0.653032,0.653032
98,12,0.353288,0,0,0,0,0.911011,0.911011
98,13,0.312858,0,0,0,0,0.806756,0.806756
98,14,0.351792,0,0,0,0,0.907154,0.907154
98,15,-0.180806,0,0,0,0,-0.466238,-0.466238
98,16,-0.185967,0,0,0,0,-0.479547,-0.479547
98,17,0.312939,0,0,0,0,0.806965,0.806965
98,18,-0.152062,0,0,0,0,-0.392117,-0.392117
98,19,-0.810463,0,0,0,0,-2.08991,-2.08991
98,20,-0.601691,0,0,0,0,-1.55156,-1.55156
98,21,-0.0401323,0,0,0,0,-0.103488,-0.103488
99,1,0.457013,0,0,0,0,1.17848,1.17848
99,2,-0.0273612,0,0,0,0,-0.0705554,-0.0705554
99,3,0.0941129,0,0,0,0,0.242686,0.242686
99,4,-0.935904,0,0,0,0,-2.41338,-2.41338
99,5,-0.0840419,0,0,0,0,-0.216716,-0.216716
99,6,0.104103,0,0,0,0,0.268447,0.268447
99,7,-0.340856,0,0,0,0,-0.878954,-0.878954
99,8,-0.262026,0,0,0,0,-0.675677,-0.675677
99,9,0.266984,0,0,0,0,0.688462,0.688462
99,10,-0.658852,0,0,0,0,-1.69896,-1.69896
99,11,-0.0615718,0,0,0,0,-0.158773,-0.158773
99,12,-0.0919086,0,0,0,0,-0.237002,-0.237002
99,13,0.168761,0,0,0,0,0.435178,0.435178
99,14,0.848343,0,0,0,0,2.18759,2.18759
99,15,0.258223,0,0,0,0,0.665871,0.665871
99,16,-0.0186509,0,0,0,0,-0.0480944,-0.0480944
99,17,0.121644,0,0,0,0,0.313679,0.313679
99,18,0.184059,0,0,0,0,0.474627,0.474627
99,19,0.0771022,0,0,0,0,0.198821,0.198821
99,20,0.0738365,0,0,0,0,0.1904,0.1904
99,21,-0.146305,0,0,0,0,-0.377272,-0.377272
100,1,-0.878966,0,0,0,0,-2.26656,-2.26656
100,2,-0.399063,0,0,0,0,-1.02905,-1.02905
100,3,-0.06738,0,0,0,0,-0.17375,-0.17375
100,4,-0.249122,0,0,0,0,-0.642402,-0.642402
100,5,-0.620196,0,0,0,0,-1.59928,-1.59928
100,6,0.238454,0,0,0,0,0.614893,0.614893
100,7,-0.548863,0,0,0,0,-1.41533,-1.41533
100,8,0.104144,0,0,0,0,0.268553,0.268553
100,9,0.240307,0,0,0,0,0.619671,0.619671
100,10,0.106498,0,0,0,0,0.274623,0.274623
100,11,1.13815,0,0,0,0,2.93491,2.93491
100,12,-0.294809,0,0,0,0,-0.760214,-0.760214
100,13,0.023493,0,0,0,0,0.0605806,0.0605806
100,14,0.319926,0,0,0,0,0.824982,0.824982
100,15,-0.68113,0,0,0,0,-1.75641,-1.75641
100,16,-0.202469,0,0,0,0,-0.5221,-0.5221
100,17,0.734299,0,0,0,0,1.89351,1.89351
100,18,-0.374487,0,0,0,0,-0.965677,-0.965677
100,19,0.0753867,0,0,0,0,0.194397,0.194397
100,20,-0.0829232,0,0,0,0,-0.213831,-0.213831
100,21,-0.239634,0,0,0,0,-0.617936,-0.617936
