id,time,yAB,popPred_medianCOV,popPred,indivPred_SAEM,indivPred_mean,indWRes_SAEM,indWRes_mean
1,0,2.85301,3,3,3,3,-1.29122,-1.29122
1,7,3.58782,3.98277,3.98277,3.66912,3.67645,-0.714132,-0.778593
1,21,3.59088,3.92723,3.92723,3.59379,3.60382,-0.0255853,-0.113641
1,123,2.49539,2.83009,2.83009,2.40068,2.40742,0.831941,0.772767
1,180,1.67878,2.21453,2.21453,1.73188,1.73653,-0.466476,-0.507339
1,300,0.295011,0.918715,0.918715,0.324687,0.324946,-0.260687,-0.262965
2,0,3.23618,3,3,3,3,2.07471,2.07471
2,7,3.97825,3.98277,3.98277,3.89369,3.92207,0.742846,0.493471
2,21,3.78555,3.92723,3.92723,3.80837,3.83579,-0.200425,-0.441343
2,123,2.45717,2.83009,2.83009,2.48731,2.50217,-0.264775,-0.395296
2,180,1.65072,2.21453,2.21453,1.74647,1.75428,-0.841096,-0.909711
2,300,0.244702,0.918715,0.918715,0.186799,0.179786,0.508649,0.570251
3,0,3.24061,3,3,3,3,2.11362,2.11362
3,7,3.66802,3.98277,3.98277,3.76593,3.76757,-0.860051,-0.874482
3,21,3.71595,3.92723,3.92723,3.71688,3.71788,-0.00813653,-0.0169514
3,123,2.74,2.83009,2.83009,2.69548,2.70386,0.391067,0.317473
3,180,2.12875,2.21453,2.21453,2.12226,2.13489,0.0570108,-0.0538953
3,300,0.907603,0.918715,0.918715,0.915401,0.937048,-0.0685016,-0.258658
4,0,2.80215,3,3,3,3,-1.738,-1.738
4,7,4.01998,3.98277,3.98277,4.05174,4.06713,-0.279008,-0.414221
4,21,3.92989,3.92723,3.92723,3.92091,3.93096,0.078858,-0.00937882
4,123,2.25007,2.83009,2.83009,2.16194,2.1623,0.774133,0.771019
4,180,1.11494,2.21453,2.21453,1.17544,1.17067,-0.531464,-0.489537
4,300,-0.924246,0.918715,0.918715,-0.902412,-0.916832,-0.1918,-0.0651317
5,0,2.8809,3,3,3,3,-1.04623,-1.04623
5,7,4.11011,3.98277,3.98277,4.10893,4.08294,0.0103842,0.238657
5,21,4.03238,3.92723,3.92723,4.05815,4.03329,-0.22636,-0.00796033
5,123,2.89577,2.83009,2.83009,3.0002,2.99085,-0.917338,-0.835239
5,180,2.55143,2.21453,2.21453,2.40668,2.40606,1.27151,1.27699
5,300,1.10331,0.918715,0.918715,1.15796,1.17492,-0.4801,-0.629086
6,0,3.02067,3,3,3,3,0.181574,0.181574
6,7,3.43561,3.98277,3.98277,3.51527,3.50786,-0.699803,-0.634654
6,21,3.32915,3.92723,3.92723,3.42062,3.41256,-0.803553,-0.732667
6,123,2.10795,2.83009,2.83009,2.16809,2.16723,-0.528335,-0.520758
6,180,1.66183,2.21453,2.21453,1.46625,1.4695,1.71802,1.68948
6,300,-0.106948,0.918715,0.918715,-0.0114326,0.000293846,-0.839049,-0.942059
7,0,3.05281,3,3,3,3,0.463906,0.463906
7,7,4.2927,3.98277,3.98277,4.14525,4.12942,1.29525,1.43433
7,21,4.02802,3.92723,3.92723,4.07121,4.057,-0.379385,-0.254549
7,123,2.72604,2.83009,2.83009,2.8265,2.81367,-0.882528,-0.769776
7,180,2.07305,2.21453,2.21453,2.12849,2.11635,-0.486977,-0.380339
7,300,0.691905,0.918715,0.918715,0.658993,0.648424,0.289116,0.381958
8,0,2.93556,3,3,3,3,-0.566069,-0.566069
8,7,3.97218,3.98277,3.98277,4.03495,4.05425,-0.55138,-0.720931
8,21,4.00511,3.92723,3.92723,3.9738,3.98786,0.275052,0.151499
8,123,2.90692,2.83009,2.83009,2.79524,2.79649,0.981046,0.970076
8,180,2.12906,2.21453,2.21453,2.13381,2.12818,-0.0417273,0.00777224
8,300,0.670932,0.918715,0.918715,0.741244,0.721227,-0.617647,-0.441813
9,0,2.93365,3,3,3,3,-0.582847,-0.582847
9,7,3.77726,3.98277,3.98277,3.79927,3.79393,-0.193378,-0.14644
9,21,3.80977,3.92723,3.92723,3.80394,3.80199,0.0511769,0.0683723
9,123,3.16145,2.83009,2.83009,3.26218,3.26767,-0.884881,-0.933094
9,180,2.84445,2.21453,2.21453,2.95782,2.96732,-0.995892,-1.07933
9,300,2.49351,0.918715,0.918715,2.31731,2.33523,1.54784,1.3904
10,0,2.99519,3,3,3,3,-0.0422531,-0.0422531
10,7,4.10799,3.98277,3.98277,4.10557,4.11694,0.021294,-0.0786278
10,21,4.0619,3.92723,3.92723,4.08646,4.09846,-0.215743,-0.321181
10,123,3.27064,2.83009,2.83009,3.28001,3.28375,-0.0822935,-0.115199
10,180,2.93081,2.21453,2.21453,2.82722,2.82624,0.909957,0.918547
10,300,1.81853,0.918715,0.918715,1.87399,1.86306,-0.487217,-0.391199
11,0,2.99934,3,3,3,3,-0.00579773,-0.00579773
11,7,4.57424,3.98277,3.98277,4.4439,4.46337,1.14497,0.973944
11,21,4.43888,3.92723,3.92723,4.40229,4.42162,0.321439,0.151639
11,123,3.17666,2.83009,2.83009,3.3409,3.34905,-1.44275,-1.51435
11,180,2.80597,2.21453,2.21453,2.7449,2.74671,0.53644,0.520574
11,300,1.50492,0.918715,0.918715,1.49025,1.47863,0.128903,0.230983
12,0,2.94395,3,3,3,3,-0.492368,-0.492368
12,7,4.45257,3.98277,3.98277,4.26727,4.25502,1.62775,1.73536
12,21,4.06565,3.92723,3.92723,4.1808,4.16756,-1.01154,-0.895189
12,123,2.69262,2.83009,2.83009,2.79976,2.78854,-0.941141,-0.842625
12,180,2.10744,2.21453,2.21453,2.02514,2.01515,0.722963,0.810726
12,300,0.349351,0.918715,0.918715,0.394211,0.387516,-0.394072,-0.335254
13,0,3.27813,3,3,3,3,2.44322,2.44322
13,7,4.22929,3.98277,3.98277,4.17309,4.17912,0.493686,0.440678
13,21,4.12437,3.92723,3.92723,4.11891,4.12462,0.0479372,-0.00219438
13,123,2.95268,2.83009,2.83009,3.0147,3.02458,-0.544774,-0.631565
13,180,2.37251,2.21453,2.21453,2.39516,2.40745,-0.198966,-0.306918
13,300,1.12742,0.918715,0.918715,1.09073,1.10823,0.32226,0.168606
14,0,3.14109,3,3,3,3,1.2394,1.2394
14,7,4.0947,3.98277,3.98277,4.12932,4.10985,-0.304114,-0.13312
14,21,4.09664,3.92723,3.92723,4.12964,4.11403,-0.289845,-0.152788
14,123,3.43479,2.83009,2.83009,3.49017,3.48487,-0.486476,-0.439967
14,180,3.20543,2.21453,2.21453,3.13093,3.13123,0.654411,0.651805
14,300,2.37893,0.918715,0.918715,2.37465,2.38671,0.0376238,-0.0683812
15,0,3.01203,3,3,3,3,0.105677,0.105677
15,7,3.75569,3.98277,3.98277,3.80827,3.78585,-0.461879,-0.264945
15,21,3.76893,3.92723,3.92723,3.70579,3.68492,0.554641,0.738004
15,123,2.27634,2.83009,2.83009,2.27668,2.26721,-0.00294867,0.0801816
15,180,1.40521,2.21453,2.21453,1.47551,1.4724,-0.617562,-0.590193
15,300,-0.196402,0.918715,0.918715,-0.211306,-0.201054,0.130926,0.0408659
16,0,2.91815,3,3,3,3,-0.719006,-0.719006
16,7,3.60613,3.98277,3.98277,3.78471,3.76643,-1.56873,-1.40816
16,21,3.82166,3.92723,3.92723,3.74122,3.72371,0.70662,0.860395
16,123,2.78021,2.83009,2.83009,2.76958,2.75619,0.0933994,0.210996
16,180,2.24561,2.21453,2.21453,2.22427,2.21315,0.187448,0.285144
16,300,1.05402,0.918715,0.918715,1.07623,1.0699,-0.195136,-0.139508
17,0,3.10622,3,3,3,3,0.933083,0.933083
17,7,3.80086,3.98277,3.98277,3.86616,3.87658,-0.573607,-0.665174
17,21,3.78331,3.92723,3.92723,3.73844,3.749,0.394115,0.30142
17,123,2.17629,2.83009,2.83009,2.04858,2.05914,1.12185,1.02908
17,180,0.893689,2.21453,2.21453,1.10094,1.1115,-1.82056,-1.91334
17,300,-0.828161,0.918715,0.918715,-0.894059,-0.884001,0.578878,0.490522
18,0,2.8471,3,3,3,3,-1.34314,-1.34314
18,7,4.38601,3.98277,3.98277,4.47346,4.48021,-0.768218,-0.827489
18,21,4.51441,3.92723,3.92723,4.39163,4.39722,1.07857,1.02946
18,123,3.11341,2.83009,2.83009,3.00268,3.00791,0.972722,0.926789
18,180,2.25546,2.21453,2.21453,2.22329,2.2284,0.282609,0.237677
18,300,0.496984,0.918715,0.918715,0.581983,0.586599,-0.746667,-0.78722
19,0,3.1608,3,3,3,3,1.41254,1.41254
19,7,4.12759,3.98277,3.98277,4.19925,4.19506,-0.62953,-0.592651
19,21,4.38838,3.92723,3.92723,4.16076,4.15522,1.99951,2.04814
19,123,3.01322,2.83009,2.83009,3.17472,3.17043,-1.41869,-1.38099
19,180,2.59789,2.21453,2.21453,2.62129,2.6178,-0.20554,-0.174911
19,300,1.5101,0.918715,0.918715,1.45595,1.45432,0.475651,0.490015
20,0,3.02367,3,3,3,3,0.207928,0.207928
20,7,3.67519,3.98277,3.98277,3.73679,3.73397,-0.541149,-0.51636
20,21,3.64704,3.92723,3.92723,3.70702,3.70561,-0.526882,-0.514545
20,123,2.97262,2.83009,2.83009,2.88437,2.8819,0.775247,0.79691
20,180,2.44882,2.21453,2.21453,2.42272,2.41955,0.229248,0.257104
20,300,1.40219,0.918715,0.918715,1.45118,1.44653,-0.430311,-0.389477
21,0,2.83072,3,3,3,3,-1.48703,-1.48703
21,7,3.9387,3.98277,3.98277,3.95449,3.94139,-0.138744,-0.0236019
21,21,3.88202,3.92723,3.92723,3.90683,3.89271,-0.217973,-0.0939456
21,123,2.86347,2.83009,2.83009,2.89917,2.89351,-0.313637,-0.263903
21,180,2.3503,2.21453,2.21453,2.3339,2.3331,0.144052,0.151098
21,300,1.15476,0.918715,0.918715,1.14387,1.15331,0.0957037,0.0127676
22,0,2.9608,3,3,3,3,-0.34435,-0.34435
22,7,3.95062,3.98277,3.98277,3.99248,3.96649,-0.367683,-0.139423
22,21,3.96013,3.92723,3.92723,3.97534,3.94962,-0.133646,0.0923452
22,123,3.24474,2.83009,2.83009,3.18458,3.1767,0.528453,0.597717
22,180,2.66163,2.21453,2.21453,2.74049,2.7427,-0.692765,-0.712169
22,300,1.83641,0.918715,0.918715,1.80556,1.82902,0.271018,0.0648763
23,0,2.96212,3,3,3,3,-0.332754,-0.332754
23,7,3.86034,3.98277,3.98277,3.84829,3.85235,0.105881,0.070158
23,21,3.88879,3.92723,3.92723,3.84118,3.84323,0.418194,0.400209
23,123,2.97598,2.83009,2.83009,3.1564,3.1621,-1.5849,-1.63499
23,180,2.78711,2.21453,2.21453,2.77168,2.7796,0.135504,0.0659756
23,300,2.05441,0.918715,0.918715,1.96177,1.97443,0.813796,0.702577
24,0,3.04561,3,3,3,3,0.400658,0.400658
24,7,3.96835,3.98277,3.98277,3.88769,3.89075,0.708527,0.681708
24,21,3.73602,3.92723,3.92723,3.84508,3.84967,-0.958015,-0.998391
24,123,2.88824,2.83009,2.83009,2.87823,2.89112,0.0879157,-0.0252809
24,180,2.32093,2.21453,2.21453,2.33573,2.35324,-0.130027,-0.283787
24,300,1.20369,0.918715,0.918715,1.19365,1.22077,0.0882137,-0.150021
25,0,3.07899,3,3,3,3,0.693883,0.693883
25,7,3.93037,3.98277,3.98277,3.93934,3.92024,-0.0788285,0.0890227
25,21,3.8219,3.92723,3.92723,3.88058,3.86243,-0.515437,-0.356076
25,123,2.82575,2.83009,2.83009,2.74797,2.75113,0.683285,0.655511
25,180,2.10552,2.21453,2.21453,2.11243,2.12762,-0.0606808,-0.194131
25,300,0.760443,0.918715,0.918715,0.774394,0.814795,-0.122553,-0.477451
26,0,3.01075,3,3,3,3,0.0944327,0.0944327
26,7,3.75988,3.98277,3.98277,3.8171,3.78817,-0.502638,-0.248489
26,21,3.67678,3.92723,3.92723,3.77379,3.74508,-0.852196,-0.599979
26,123,2.79168,2.83009,2.83009,2.79927,2.78974,-0.0666971,0.0170568
26,180,2.39435,2.21453,2.21453,2.25236,2.25369,1.24728,1.23565
26,300,1.02723,0.918715,0.918715,1.10088,1.12515,-0.647005,-0.860177
27,0,2.98033,3,3,3,3,-0.17279,-0.17279
27,7,3.6675,3.98277,3.98277,3.74168,3.76508,-0.651631,-0.857223
27,21,3.71423,3.92723,3.92723,3.63036,3.65093,0.73673,0.556076
27,123,1.94811,2.83009,2.83009,2.12335,2.13809,-1.53938,-1.66891
27,180,1.35655,2.21453,2.21453,1.27828,1.29005,0.68756,0.584153
27,300,-0.506485,0.918715,0.918715,-0.500467,-0.49567,-0.0528663,-0.0950025
28,0,2.85322,3,3,3,3,-1.28938,-1.28938
28,7,3.81794,3.98277,3.98277,3.81435,3.8365,0.0315477,-0.163019
28,21,3.71182,3.92723,3.92723,3.74253,3.76672,-0.269733,-0.482264
28,123,2.58215,2.83009,2.83009,2.57535,2.58829,0.0597618,-0.0539623
28,180,1.92645,2.21453,2.21453,1.92091,1.92737,0.0486604,-0.00811793
28,300,0.523245,0.918715,0.918715,0.543123,0.535858,-0.174613,-0.110795
29,0,2.94886,3,3,3,3,-0.449236,-0.449236
29,7,3.83607,3.98277,3.98277,3.81074,3.81271,0.222529,0.205218
29,21,3.67336,3.92723,3.92723,3.79527,3.79814,-1.07093,-1.0961
29,123,3.06858,2.83009,2.83009,3.08671,3.09113,-0.159288,-0.198115
29,180,2.70109,2.21453,2.21453,2.68907,2.69431,0.105581,0.0595194
29,300,1.87045,0.918715,0.918715,1.85207,1.85904,0.16145,0.100204
30,0,2.83058,3,3,3,3,-1.48826,-1.48826
30,7,4.47659,3.98277,3.98277,4.49354,4.48381,-0.148856,-0.0634386
30,21,4.46136,3.92723,3.92723,4.39033,4.38552,0.623965,0.666195
30,123,2.86279,2.83009,2.83009,2.85582,2.84662,0.0612031,0.142074
30,180,1.96367,2.21453,2.21453,1.99522,1.98299,-0.277164,-0.169726
30,300,0.170654,0.918715,0.918715,0.183186,0.164404,-0.110084,0.054903
31,0,3.00223,3,3,3,3,0.0195893,0.0195893
31,7,4.10459,3.98277,3.98277,4.00292,4.01204,0.893077,0.813041
31,21,3.86718,3.92723,3.92723,3.93595,3.94259,-0.604089,-0.662418
31,123,2.69054,2.83009,2.83009,2.74355,2.74463,-0.465637,-0.475154
31,180,2.00039,2.21453,2.21453,2.07466,2.07277,-0.652403,-0.635814
31,300,0.723866,0.918715,0.918715,0.665839,0.65829,0.509735,0.576046
32,0,3.10439,3,3,3,3,0.917007,0.917007
32,7,3.80733,3.98277,3.98277,3.82737,3.83795,-0.176051,-0.268971
32,21,3.85781,3.92723,3.92723,3.76096,3.77194,0.850759,0.7543
32,123,2.37221,2.83009,2.83009,2.62756,2.63278,-2.24314,-2.289
32,180,2.06065,2.21453,2.21453,1.99198,1.99393,0.603196,0.586109
32,300,0.711645,0.918715,0.918715,0.654038,0.648983,0.506042,0.550452
33,0,2.87321,3,3,3,3,-1.11378,-1.11378
33,7,3.55814,3.98277,3.98277,3.62578,3.63332,-0.594151,-0.660444
33,21,3.4919,3.92723,3.92723,3.576,3.58552,-0.738771,-0.822425
33,123,2.59386,2.83009,2.83009,2.61806,2.62894,-0.212572,-0.30812
33,180,2.15125,2.21453,2.21453,2.08078,2.09224,0.619044,0.518385
33,300,0.93578,0.918715,0.918715,0.94977,0.962804,-0.122891,-0.237389
34,0,2.9422,3,3,3,3,-0.50774,-0.50774
34,7,4.31404,3.98277,3.98277,4.33193,4.33243,-0.157146,-0.161511
34,21,4.39706,3.92723,3.92723,4.32034,4.32123,0.673901,0.666157
34,123,3.64688,2.83009,2.83009,3.52155,3.52402,1.10098,1.07921
34,180,2.94941,2.21453,2.21453,3.07271,3.07607,-1.08314,-1.11263
34,300,2.15455,0.918715,0.918715,2.12778,2.13297,0.235165,0.189568
35,0,2.94711,3,3,3,3,-0.464609,-0.464609
35,7,4.00892,3.98277,3.98277,3.9779,3.93197,0.272461,0.676006
35,21,3.82766,3.92723,3.92723,3.83539,3.79412,-0.0679151,0.294674
35,123,1.96786,2.83009,2.83009,2.03858,2.0277,-0.621194,-0.525624
35,180,1.04887,2.21453,2.21453,1.03191,1.03745,0.14895,0.100282
35,300,-1.06817,0.918715,0.918715,-1.08811,-1.04758,0.175154,-0.180902
36,0,2.92165,3,3,3,3,-0.688261,-0.688261
36,7,3.82551,3.98277,3.98277,3.85081,3.85993,-0.222208,-0.302372
36,21,3.75947,3.92723,3.92723,3.79964,3.80897,-0.35285,-0.434856
36,123,2.81977,2.83009,2.83009,2.79313,2.79722,0.233988,0.198116
36,180,2.27547,2.21453,2.21453,2.22864,2.22974,0.411348,0.401752
36,300,1.00348,0.918715,0.918715,1.04024,1.03517,-0.322929,-0.278383
37,0,2.91871,3,3,3,3,-0.714087,-0.714087
37,7,3.67372,3.98277,3.98277,3.77905,3.78572,-0.925285,-0.98388
37,21,3.83341,3.92723,3.92723,3.73778,3.74656,0.840097,0.762967
37,123,2.80853,2.83009,2.83009,2.81463,2.82252,-0.0536167,-0.122886
37,180,2.22539,2.21453,2.21453,2.29691,2.30398,-0.628263,-0.690391
37,300,1.23269,0.918715,0.918715,1.20729,1.21231,0.223157,0.178991
38,0,3.17101,3,3,3,3,1.50223,1.50223
38,7,3.46404,3.98277,3.98277,3.42338,3.43791,0.35719,0.229523
38,21,3.08289,3.92723,3.92723,3.30084,3.31683,-1.91455,-2.055
38,123,1.86589,2.83009,2.83009,1.84194,1.8553,0.210421,0.0930394
38,180,1.1123,2.21453,2.21453,1.02761,1.03588,0.743911,0.67133
38,300,-0.773654,0.918715,0.918715,-0.693972,-0.688572,-0.69996,-0.747398
39,0,2.96223,3,3,3,3,-0.331788,-0.331788
39,7,4.08839,3.98277,3.98277,4.09708,4.09065,-0.0763053,-0.0198215
39,21,3.9928,3.92723,3.92723,4.00127,3.99639,-0.0743911,-0.031494
39,123,2.56546,2.83009,2.83009,2.56595,2.5586,-0.00434267,0.0602695
39,180,1.77932,2.21453,2.21453,1.76104,1.75212,0.160614,0.238947
39,300,0.0321031,0.918715,0.918715,0.0664524,0.0541775,-0.301739,-0.193911
40,0,2.92937,3,3,3,3,-0.620445,-0.620445
40,7,4.2972,3.98277,3.98277,4.24574,4.26954,0.45209,0.242939
40,21,4.21416,3.92723,3.92723,4.20616,4.2267,0.07026,-0.110116
40,123,3.14742,2.83009,2.83009,3.21136,3.20959,-0.561638,-0.546109
40,180,2.71418,2.21453,2.21453,2.65303,2.63883,0.537168,0.661923
40,300,1.4459,0.918715,0.918715,1.47759,1.43721,-0.278415,0.0763
41,0,3.1819,3,3,3,3,1.59789,1.59789
41,7,3.62829,3.98277,3.98277,3.65049,3.6519,-0.195015,-0.207397
41,21,3.53166,3.92723,3.92723,3.53698,3.5381,-0.0467105,-0.0565519
41,123,2.01655,2.83009,2.83009,2.04546,2.05215,-0.253996,-0.312694
41,180,1.18299,2.21453,2.21453,1.20937,1.21925,-0.231698,-0.318553
41,300,-0.547932,0.918715,0.918715,-0.550732,-0.534468,0.0245964,-0.118275
42,0,2.92967,3,3,3,3,-0.617809,-0.617809
42,7,3.58552,3.98277,3.98277,3.80025,3.80582,-1.88632,-1.93524
42,21,3.83419,3.92723,3.92723,3.7376,3.74393,0.848507,0.79288
42,123,2.55683,2.83009,2.83009,2.62179,2.6288,-0.570668,-0.632233
42,180,2.26703,2.21453,2.21453,1.99591,2.00326,2.3816,2.31708
42,300,0.529858,0.918715,0.918715,0.67842,0.686912,-1.30503,-1.37963
43,0,3.05714,3,3,3,3,0.501943,0.501943
43,7,3.93082,3.98277,3.98277,3.97624,3.95865,-0.399024,-0.244472
43,21,4.02547,3.92723,3.92723,3.9386,3.92279,0.763108,0.901983
43,123,2.82503,2.83009,2.83009,3.0174,3.01271,-1.68984,-1.64862
43,180,2.63459,2.21453,2.21453,2.50058,2.50207,1.1772,1.16415
43,300,1.40425,0.918715,0.918715,1.41255,1.42705,-0.0729194,-0.200322
44,0,2.85728,3,3,3,3,-1.25371,-1.25371
44,7,4.18869,3.98277,3.98277,4.03495,4.03422,1.35051,1.35694
44,21,3.88772,3.92723,3.92723,3.97626,3.97481,-0.777815,-0.765072
44,123,2.80479,2.83009,2.83009,2.87537,2.86751,-0.619976,-0.550917
44,180,2.15468,2.21453,2.21453,2.25794,2.24648,-0.907119,-0.806407
44,300,1.02287,0.918715,0.918715,0.958008,0.939012,0.569778,0.736649
45,0,3.03179,3,3,3,3,0.279257,0.279257
45,7,4.31535,3.98277,3.98277,4.28279,4.26755,0.286027,0.419854
45,21,4.17672,3.92723,3.92723,4.20167,4.18616,-0.219194,-0.0829312
45,123,2.81077,2.83009,2.83009,2.8279,2.82041,-0.150438,-0.0846481
45,180,2.14595,2.21453,2.21453,2.05701,2.05412,0.781272,0.806676
45,300,0.385504,0.918715,0.918715,0.434044,0.440265,-0.426399,-0.481043
46,0,2.97827,3,3,3,3,-0.190886,-0.190886
46,7,4.29565,3.98277,3.98277,4.3089,4.29066,-0.116371,0.0438015
46,21,4.23912,3.92723,3.92723,4.27759,4.26389,-0.33795,-0.217564
46,123,3.37521,2.83009,2.83009,3.35605,3.35643,0.16834,0.164953
46,180,3.00077,2.21453,2.21453,2.83882,2.84689,1.42268,1.35176
46,300,1.65681,0.918715,0.918715,1.74992,1.77418,-0.81792,-1.03103
47,0,2.90061,3,3,3,3,-0.873085,-0.873085
47,7,3.95223,3.98277,3.98277,3.91119,3.90056,0.36051,0.453903
47,21,3.84923,3.92723,3.92723,3.89308,3.88248,-0.385232,-0.292065
47,123,3.0496,2.83009,2.83009,3.13371,3.12677,-0.738866,-0.677907
47,180,2.73199,2.21453,2.21453,2.70745,2.70256,0.215597,0.258516
47,300,1.82478,0.918715,0.918715,1.81044,1.80948,0.125944,0.13436
48,0,3.20216,3,3,3,3,1.77586,1.77586
48,7,4.01192,3.98277,3.98277,3.98118,3.97732,0.270037,0.303977
48,21,4.00648,3.92723,3.92723,3.93221,3.93306,0.652418,0.644953
48,123,2.82582,2.83009,2.83009,2.90274,2.90678,-0.675699,-0.711163
48,180,2.17602,2.21453,2.21453,2.32519,2.33069,-1.31036,-1.35867
48,300,1.21899,0.918715,0.918715,1.1093,1.11793,0.963563,0.887777
49,0,2.86663,3,3,3,3,-1.17158,-1.17158
49,7,3.89485,3.98277,3.98277,4.01884,4.02996,-1.08917,-1.18688
49,21,3.99426,3.92723,3.92723,3.97714,3.98904,0.150363,0.0458247
49,123,3.00415,2.83009,2.83009,2.98843,2.99522,0.13809,0.0784602
49,180,2.61518,2.21453,2.21453,2.43357,2.4374,1.59535,1.56173
49,300,1.14077,0.918715,0.918715,1.26543,1.26305,-1.09507,-1.07419
50,0,3.02993,3,3,3,3,0.262918,0.262918
50,7,3.99251,3.98277,3.98277,4.08058,4.08337,-0.773641,-0.798141
50,21,4.13805,3.92723,3.92723,3.97553,3.98189,1.42761,1.37176
50,123,2.32209,2.83009,2.83009,2.44708,2.45282,-1.09799,-1.14842
50,180,1.75205,2.21453,2.21453,1.58981,1.59492,1.42517,1.38033
50,300,-0.303749,0.918715,0.918715,-0.214887,-0.210994,-0.780607,-0.8148
51,0,3.17599,3,3,3,3,1.54597,1.54597
51,7,4.31553,3.98277,3.98277,4.30514,4.30265,0.0913137,0.113105
51,21,4.22427,3.92723,3.92723,4.23909,4.23741,-0.130174,-0.115426
51,123,3.14256,2.83009,2.83009,2.99275,3.00124,1.31601,1.24145
51,180,2.19486,2.21453,2.21453,2.29329,2.30737,-0.864655,-0.988312
51,300,0.829912,0.918715,0.918715,0.820818,0.846504,0.0798879,-0.145752
52,0,3.19063,3,3,3,3,1.67458,1.67458
52,7,4.51394,3.98277,3.98277,4.26548,4.24323,2.18259,2.378
52,21,4.05833,3.92723,3.92723,4.20872,4.18695,-1.32107,-1.12987
52,123,2.86715,2.83009,2.83009,3.06984,3.06091,-1.78051,-1.70203
52,180,2.55482,2.21453,2.21453,2.43082,2.42915,1.08925,1.10395
52,300,1.11161,0.918715,0.918715,1.08545,1.09925,0.229782,0.108592
53,0,3.03722,3,3,3,3,0.326957,0.326957
53,7,4.23547,3.98277,3.98277,4.40048,4.39452,-1.44955,-1.39716
53,21,4.48985,3.92723,3.92723,4.3588,4.35179,1.15118,1.21276
53,123,3.33158,2.83009,2.83009,3.33345,3.33874,-0.0163835,-0.0629356
53,180,2.95437,2.21453,2.21453,2.75796,2.77033,1.72532,1.61668
53,300,1.42353,0.918715,0.918715,1.54635,1.57367,-1.07887,-1.31885
54,0,2.86331,3,3,3,3,-1.20074,-1.20074
54,7,3.85777,3.98277,3.98277,3.87024,3.85622,-0.109516,0.0136384
54,21,3.76836,3.92723,3.92723,3.7868,3.77539,-0.161981,-0.0617925
54,123,2.40545,2.83009,2.83009,2.50275,2.49387,-0.85473,-0.776733
54,180,1.90205,2.21453,2.21453,1.78281,1.77515,1.04745,1.11477
54,300,0.199937,0.918715,0.918715,0.267125,0.262014,-0.590212,-0.545312
55,0,3.07383,3,3,3,3,0.648555,0.648555
55,7,3.99165,3.98277,3.98277,3.99374,4.0123,-0.0183343,-0.18144
55,21,3.97158,3.92723,3.92723,3.89686,3.91666,0.656396,0.482455
55,123,2.43737,2.83009,2.83009,2.49941,2.50919,-0.545027,-0.630886
55,180,1.72926,2.21453,2.21453,1.71608,1.72007,0.115816,0.08069
55,300,0.0442229,0.918715,0.918715,0.0669568,0.0586332,-0.199704,-0.126587
56,0,2.99042,3,3,3,3,-0.0841549,-0.0841549
56,7,4.55955,3.98277,3.98277,4.47615,4.45371,0.732623,0.929718
56,21,4.40542,3.92723,3.92723,4.45385,4.43461,-0.425415,-0.256404
56,123,3.59686,2.83009,2.83009,3.58713,3.57679,0.0854885,0.17631
56,180,3.11316,2.21453,2.21453,3.10048,3.09498,0.111347,0.159736
56,300,2.06144,0.918715,0.918715,2.07591,2.08063,-0.127144,-0.168565
57,0,3.04262,3,3,3,3,0.374393,0.374393
57,7,3.86857,3.98277,3.98277,3.87644,3.90935,-0.0691023,-0.35823
57,21,3.76002,3.92723,3.92723,3.79162,3.82263,-0.277568,-0.54999
57,123,2.49939,2.83009,2.83009,2.48549,2.50067,0.122094,-0.0112589
57,180,1.81297,2.21453,2.21453,1.75308,1.75942,0.5261,0.470363
57,300,0.138875,0.918715,0.918715,0.211205,0.19902,-0.635379,-0.528344
58,0,3.07761,3,3,3,3,0.68176,0.68176
58,7,4.03005,3.98277,3.98277,4.04999,4.05593,-0.175124,-0.227362
58,21,3.95105,3.92723,3.92723,3.8347,3.84075,1.02208,0.968963
58,123,1.35263,2.83009,2.83009,1.39577,1.39785,-0.379,-0.397219
58,180,-0.0132746,2.21453,2.21453,0.0273579,0.0280535,-0.356934,-0.363044
58,300,-2.85127,0.918715,0.918715,-2.85049,-2.85488,-0.00682123,0.0317474
59,0,2.8189,3,3,3,3,-1.59086,-1.59086
59,7,4.03818,3.98277,3.98277,4.00587,4.00965,0.28381,0.250594
59,21,4.00559,3.92723,3.92723,3.93345,3.93847,0.633711,0.589599
59,123,2.65924,2.83009,2.83009,2.69392,2.6952,-0.304658,-0.315896
59,180,1.84023,2.21453,2.21453,1.99864,1.99769,-1.39152,-1.3832
59,300,0.595294,0.918715,0.918715,0.534853,0.529227,0.530936,0.580358
60,0,3.07304,3,3,3,3,0.641615,0.641615
60,7,3.6403,3.98277,3.98277,3.78683,3.76287,-1.28723,-1.07672
60,21,3.7363,3.92723,3.92723,3.77218,3.75032,-0.315187,-0.12317
60,123,3.14445,2.83009,2.83009,3.03532,3.02701,0.958641,1.03165
60,180,2.6094,2.21453,2.21453,2.62154,2.62066,-0.106652,-0.0989156
60,300,1.7319,0.918715,0.918715,1.75072,1.76541,-0.165282,-0.29433
61,0,3.17294,3,3,3,3,1.51918,1.51918
61,7,4.34983,3.98277,3.98277,4.37528,4.41712,-0.223596,-0.591105
61,21,4.42567,3.92723,3.92723,4.35547,4.39384,0.616704,0.279567
61,123,3.59261,2.83009,2.83009,3.46696,3.47641,1.10376,1.02074
61,180,2.9948,2.21453,2.21453,2.96771,2.96097,0.237963,0.297168
61,300,1.84492,0.918715,0.918715,1.91652,1.87579,-0.628962,-0.271153
62,0,3.1398,3,3,3,3,1.22806,1.22806
62,7,4.05047,3.98277,3.98277,4.00387,4.01615,0.409397,0.301467
62,21,3.8941,3.92723,3.92723,3.95647,3.96953,-0.547917,-0.662571
62,123,2.87022,2.83009,2.83009,2.95128,2.9555,-0.712038,-0.749167
62,180,2.52974,2.21453,2.21453,2.38743,2.3866,1.25013,1.25739
62,300,1.12783,0.918715,0.918715,1.20037,1.18891,-0.637229,-0.536549
63,0,2.72575,3,3,3,3,-2.40913,-2.40913
63,7,4.74468,3.98277,3.98277,4.56928,4.57661,1.54076,1.47641
63,21,4.48375,3.92723,3.92723,4.48019,4.48552,0.0312922,-0.0155631
63,123,3.06566,2.83009,2.83009,3.04016,3.03285,0.224027,0.28824
63,180,2.1148,2.21453,2.21453,2.23225,2.2179,-1.03174,-0.905683
63,300,0.532981,0.918715,0.918715,0.531715,0.501966,0.0111216,0.272451
64,0,3.0991,3,3,3,3,0.870538,0.870538
64,7,4.14517,3.98277,3.98277,4.07849,4.07212,0.58573,0.641714
64,21,3.99654,3.92723,3.92723,4.05533,4.04768,-0.51647,-0.449235
64,123,3.21727,2.83009,2.83009,3.21147,3.21381,0.0509157,0.0304208
64,180,2.68251,2.21453,2.21453,2.73769,2.74578,-0.484753,-0.555791
64,300,1.78015,0.918715,0.918715,1.74026,1.76044,0.350437,0.173169
65,0,3.08847,3,3,3,3,0.777159,0.777159
65,7,3.819,3.98277,3.98277,4.00354,3.99636,-1.62106,-1.55798
65,21,4.08489,3.92723,3.92723,3.94172,3.93259,1.25765,1.3379
65,123,2.92689,2.83009,2.83009,2.7772,2.76955,1.31497,1.38212
65,180,1.91446,2.21453,2.21453,2.12379,2.11713,-1.83884,-1.78033
65,300,0.778715,0.918715,0.918715,0.748376,0.743557,0.266515,0.30884
66,0,3.02766,3,3,3,3,0.242978,0.242978
66,7,3.81803,3.98277,3.98277,3.83998,3.84466,-0.192781,-0.233896
66,21,3.76738,3.92723,3.92723,3.78398,3.78715,-0.145859,-0.173645
66,123,2.73298,2.83009,2.83009,2.7313,2.72831,0.0147374,0.0410527
66,180,2.1708,2.21453,2.21453,2.14089,2.13449,0.262748,0.318939
66,300,0.850096,0.918715,0.918715,0.897912,0.885494,-0.42004,-0.310953
67,0,2.97882,3,3,3,3,-0.186054,-0.186054
67,7,4.00766,3.98277,3.98277,4.00173,3.99704,0.05205,0.0932958
67,21,3.99268,3.92723,3.92723,3.98864,3.98292,0.0355071,0.0857164
67,123,3.19202,2.83009,2.83009,3.24862,3.24059,-0.497226,-0.426636
67,180,2.70301,2.21453,2.21453,2.83309,2.8238,-1.14268,-1.06107
67,300,2.04148,0.918715,0.918715,1.95829,1.94636,0.73076,0.835571
68,0,3.09735,3,3,3,3,0.855165,0.855165
68,7,3.87654,3.98277,3.98277,3.93274,3.96243,-0.493643,-0.754492
68,21,3.91686,3.92723,3.92723,3.89191,3.92096,0.219144,-0.0359789
68,123,2.99549,2.83009,2.83009,2.92199,2.93595,0.645688,0.523052
68,180,2.3354,2.21453,2.21453,2.37767,2.38313,-0.371281,-0.41924
68,300,1.22878,0.918715,0.918715,1.23175,1.21976,-0.0260603,0.0792476
69,0,2.74388,3,3,3,3,-2.24987,-2.24987
69,7,4.01431,3.98277,3.98277,3.95925,3.94374,0.483701,0.619936
69,21,3.78551,3.92723,3.92723,3.84845,3.83291,-0.552886,-0.416381
69,123,2.15656,2.83009,2.83009,2.29785,2.29102,-1.24116,-1.18113
69,180,1.6124,2.21453,2.21453,1.4283,1.42647,1.61719,1.63331
69,300,-0.479599,0.918715,0.918715,-0.402262,-0.393735,-0.679358,-0.754267
70,0,2.82084,3,3,3,3,-1.57382,-1.57382
70,7,4.49344,3.98277,3.98277,4.47135,4.46517,0.194048,0.248359
70,21,4.36972,3.92723,3.92723,4.41737,4.41059,-0.418594,-0.358984
70,123,3.34986,2.83009,2.83009,3.26595,3.25974,0.737088,0.79168
70,180,2.71227,2.21453,2.21453,2.61967,2.61384,0.813426,0.864695
70,300,1.16695,0.918715,0.918715,1.25904,1.25391,-0.808965,-0.763924
71,0,3.15447,3,3,3,3,1.35693,1.35693
71,7,3.70338,3.98277,3.98277,3.81575,3.81714,-0.98713,-0.999352
71,21,3.63918,3.92723,3.92723,3.72504,3.72772,-0.754257,-0.777804
71,123,2.54352,2.83009,2.83009,2.37802,2.37668,1.45381,1.46556
71,180,1.75583,2.21453,2.21453,1.62271,1.61888,1.16942,1.20303
71,300,-0.124443,0.918715,0.918715,0.0325236,0.0239835,-1.37886,-1.30384
72,0,2.96241,3,3,3,3,-0.330207,-0.330207
72,7,4.00368,3.98277,3.98277,4.02021,4.05712,-0.145239,-0.469447
72,21,4.01037,3.92723,3.92723,3.96779,3.99748,0.374076,0.113246
72,123,2.90857,2.83009,2.83009,2.85543,2.86558,0.466834,0.377672
72,180,2.16581,2.21453,2.21453,2.231,2.23061,-0.572673,-0.569264
72,300,0.911399,0.918715,0.918715,0.916424,0.894627,-0.0441428,0.147333
73,0,2.78658,3,3,3,3,-1.87477,-1.87477
73,7,4.07744,3.98277,3.98277,4.02329,4.06028,0.475651,0.150724
73,21,3.88971,3.92723,3.92723,3.91375,3.94736,-0.211178,-0.506459
73,123,2.31786,2.83009,2.83009,2.39706,2.41111,-0.69577,-0.819129
73,180,1.64212,2.21453,2.21453,1.54711,1.55,0.834595,0.809219
73,300,-0.289323,0.918715,0.918715,-0.240985,-0.262551,-0.424626,-0.235175
74,0,3.08192,3,3,3,3,0.719621,0.719621
74,7,4.07761,3.98277,3.98277,4.11165,4.08535,-0.299023,-0.0680045
74,21,4.04066,3.92723,3.92723,4.07857,4.0532,-0.332982,-0.110121
74,123,3.33626,2.83009,2.83009,3.16178,3.15767,1.53272,1.56877
74,180,2.4973,2.21453,2.21453,2.64727,2.65516,-1.31737,-1.38671
74,300,1.58404,0.918715,0.918715,1.56408,1.59724,0.175318,-0.11592
75,0,3.08557,3,3,3,3,0.751684,0.751684
75,7,3.62623,3.98277,3.98277,3.72857,3.68924,-0.898959,-0.553531
75,21,3.74468,3.92723,3.92723,3.68995,3.65105,0.480776,0.82251
75,123,2.58871,2.83009,2.83009,2.78899,2.77698,-1.75931,-1.65385
75,180,2.34604,2.21453,2.21453,2.28344,2.28662,0.54987,0.521985
75,300,1.26535,0.918715,0.918715,1.21964,1.25465,0.401565,0.0939527
76,0,3.12117,3,3,3,3,1.06441,1.06441
76,7,3.54381,3.98277,3.98277,3.749,3.74457,-1.80247,-1.7636
76,21,3.80399,3.92723,3.92723,3.66566,3.66229,1.21518,1.24475
76,123,2.32271,2.83009,2.83009,2.38666,2.38644,-0.561743,-0.559854
76,180,1.81572,2.21453,2.21453,1.66936,1.67083,1.28567,1.27276
76,300,0.0812641,0.918715,0.918715,0.159308,0.164043,-0.685574,-0.72717
77,0,3.09152,3,3,3,3,0.803952,0.803952
77,7,3.61347,3.98277,3.98277,3.69903,3.6916,-0.751606,-0.686362
77,21,3.63095,3.92723,3.92723,3.6349,3.6277,-0.0346579,0.0285266
77,123,2.46932,2.83009,2.83009,2.54723,2.54461,-0.684425,-0.661404
77,180,2.04414,2.21453,2.21453,1.93763,1.93757,0.935592,0.936136
77,300,0.609302,0.918715,0.918715,0.654903,0.660293,-0.400583,-0.447924
78,0,2.92499,3,3,3,3,-0.658921,-0.658921
78,7,4.312,3.98277,3.98277,4.24995,4.27202,0.545042,0.351217
78,21,4.06735,3.92723,3.92723,4.17934,4.19984,-0.983811,-1.16386
78,123,3.05286,2.83009,2.83009,2.90976,2.91439,1.25706,1.21636
78,180,2.22517,2.21453,2.21453,2.1974,2.19312,0.243926,0.281561
78,300,0.590409,0.918715,0.918715,0.697216,0.675168,-0.938235,-0.744564
79,0,2.91228,3,3,3,3,-0.770571,-0.770571
79,7,4.16462,3.98277,3.98277,4.03922,4.04078,1.10155,1.08785
79,21,3.8365,3.92723,3.92723,3.93152,3.93645,-0.834691,-0.877995
79,123,2.55967,2.83009,2.83009,2.4319,2.43632,1.12239,1.08358
79,180,1.36395,2.21453,2.21453,1.59127,1.59513,-1.99685,-2.03076
79,300,-0.101042,0.918715,0.918715,-0.178071,-0.175688,0.676654,0.655724
80,0,2.95511,3,3,3,3,-0.394333,-0.394333
80,7,3.9653,3.98277,3.98277,3.90066,3.90256,0.567816,0.551136
80,21,3.77131,3.92723,3.92723,3.83062,3.83205,-0.520977,-0.533542
80,123,2.6105,2.83009,2.83009,2.63758,2.63803,-0.237873,-0.241856
80,180,1.93029,2.21453,2.21453,1.96844,1.96839,-0.33516,-0.334648
80,300,0.568644,0.918715,0.918715,0.559785,0.55865,0.0778228,0.0877954
81,0,2.80036,3,3,3,3,-1.75373,-1.75373
81,7,3.98574,3.98277,3.98277,4.07216,4.06317,-0.759111,-0.680176
81,21,4.20276,3.92723,3.92723,4.06587,4.06031,1.2025,1.25134
81,123,3.33947,2.83009,2.83009,3.36395,3.36137,-0.215085,-0.192402
81,180,2.82694,2.21453,2.21453,2.96966,2.96853,-1.25373,-1.2438
81,300,2.24499,0.918715,0.918715,2.13958,2.14149,0.925935,0.90915
82,0,2.90529,3,3,3,3,-0.831974,-0.831974
82,7,4.0433,3.98277,3.98277,3.9877,3.99047,0.488432,0.46412
82,21,3.87202,3.92723,3.92723,3.90841,3.91139,-0.319691,-0.345818
82,123,2.64166,2.83009,2.83009,2.61116,2.61849,0.267949,0.203502
82,180,1.78732,2.21453,2.21453,1.88352,1.89333,-0.845025,-0.931198
82,300,0.387634,0.918715,0.918715,0.351595,0.366618,0.316586,0.184616
83,0,3.05399,3,3,3,3,0.474272,0.474272
83,7,3.54445,3.98277,3.98277,3.62009,3.61528,-0.664413,-0.622229
83,21,3.50623,3.92723,3.92723,3.46178,3.45649,0.390455,0.436902
83,123,1.6971,2.83009,2.83009,1.59158,1.59751,0.926928,0.87482
83,180,0.338306,2.21453,2.21453,0.542882,0.555651,-1.79708,-1.90925
83,300,-1.60144,0.918715,0.918715,-1.66545,-1.63758,0.562262,0.317508
84,0,3.05772,3,3,3,3,0.507038,0.507038
84,7,4.29696,3.98277,3.98277,4.17341,4.17132,1.08534,1.10368
84,21,4.09088,3.92723,3.92723,4.1137,4.11183,-0.200501,-0.184067
84,123,2.89766,2.83009,2.83009,2.95088,2.94424,-0.467484,-0.409148
84,180,2.2676,2.21453,2.21453,2.29839,2.28902,-0.27047,-0.188179
84,300,0.932353,0.918715,0.918715,0.924867,0.909563,0.0657632,0.200199
85,0,2.96755,3,3,3,3,-0.285055,-0.285055
85,7,3.86868,3.98277,3.98277,3.78147,3.81118,0.766106,0.505116
85,21,3.56944,3.92723,3.92723,3.62993,3.65919,-0.53139,-0.788425
85,123,1.75324,2.83009,2.83009,1.78681,1.8007,-0.294912,-0.416906
85,180,0.718279,2.21453,2.21453,0.75366,0.758871,-0.310799,-0.356578
85,300,-1.42482,0.918715,0.918715,-1.42212,-1.43381,-0.0236982,0.078964
86,0,2.98516,3,3,3,3,-0.130361,-0.130361
86,7,3.68683,3.98277,3.98277,3.71125,3.72443,-0.21455,-0.330286
86,21,3.6427,3.92723,3.92723,3.6722,3.68285,-0.259127,-0.352685
86,123,2.81059,2.83009,2.83009,2.77702,2.78567,0.294884,0.218914
86,180,2.13303,2.21453,2.21453,2.27496,2.28248,-1.24678,-1.31285
86,300,1.29926,0.918715,0.918715,1.21857,1.22353,0.708778,0.665233
87,0,2.94388,3,3,3,3,-0.492983,-0.492983
87,7,4.51797,3.98277,3.98277,4.36697,4.3814,1.32646,1.19973
87,21,4.17898,3.92723,3.92723,4.31065,4.32469,-1.15661,-1.27995
87,123,3.2856,2.83009,2.83009,3.16969,3.17117,1.01824,1.00517
87,180,2.43331,2.21453,2.21453,2.5295,2.52388,-0.844975,-0.795579
87,300,1.17779,0.918715,0.918715,1.18168,1.16109,-0.0341704,0.146703
88,0,2.94588,3,3,3,3,-0.475414,-0.475414
88,7,4.22026,3.98277,3.98277,4.19947,4.20718,0.182623,0.114866
88,21,4.13592,3.92723,3.92723,4.19917,4.2076,-0.555644,-0.629662
88,123,3.46834,2.83009,2.83009,3.5491,3.55643,-0.709415,-0.773836
88,180,3.28652,2.21453,2.21453,3.18392,3.19059,0.9013,0.842695
88,300,2.41227,0.918715,0.918715,2.41512,2.4204,-0.0250171,-0.071416
89,0,3.17878,3,3,3,3,1.57048,1.57048
89,7,3.98175,3.98277,3.98277,3.87508,3.88962,0.937049,0.809308
89,21,3.71986,3.92723,3.92723,3.86626,3.88051,-1.28602,-1.41124
89,123,3.229,2.83009,2.83009,3.1828,3.18394,0.405861,0.395834
89,180,2.68433,2.21453,2.21453,2.79897,2.7927,-1.00708,-0.952011
89,300,2.04101,0.918715,0.918715,1.99093,1.96913,0.439934,0.631457
90,0,3.24592,3,3,3,3,2.16027,2.16027
90,7,3.95048,3.98277,3.98277,3.83729,3.83346,0.994286,1.02795
90,21,3.58872,3.92723,3.92723,3.77002,3.76602,-1.59264,-1.5575
90,123,2.52048,2.83009,2.83009,2.61135,2.60848,-0.798273,-0.773042
90,180,2.13425,2.21453,2.21453,1.9615,1.95927,1.51755,1.5371
90,300,0.530909,0.918715,0.918715,0.593323,0.592454,-0.548274,-0.540642
91,0,3.03449,3,3,3,3,0.302975,0.302975
91,7,4.20565,3.98277,3.98277,4.21614,4.21108,-0.0921624,-0.0476867
91,21,4.27699,3.92723,3.92723,4.16039,4.15331,1.0243,1.08644
91,123,2.93613,2.83009,2.83009,3.03639,3.03549,-0.88075,-0.872835
91,180,2.45616,2.21453,2.21453,2.40575,2.4085,0.44278,0.418706
91,300,1.05711,0.918715,0.918715,1.07819,1.08856,-0.18514,-0.276229
92,0,3.22348,3,3,3,3,1.96315,1.96315
92,7,3.73364,3.98277,3.98277,3.91303,3.90351,-1.57582,-1.49224
92,21,4.01265,3.92723,3.92723,3.93942,3.92936,0.643247,0.731654
92,123,3.49083,2.83009,2.83009,3.52277,3.51394,-0.280537,-0.203019
92,180,3.25764,2.21453,2.21453,3.28815,3.28005,-0.267984,-0.196853
92,300,2.90444,0.918715,0.918715,2.79424,2.78769,0.968027,1.02555
93,0,3.04611,3,3,3,3,0.40505,0.40505
93,7,3.81046,3.98277,3.98277,3.89624,3.88859,-0.753493,-0.686347
93,21,3.87942,3.92723,3.92723,3.88879,3.88299,-0.0823386,-0.0313533
93,123,3.36038,2.83009,2.83009,3.21434,3.20754,1.28288,1.3426
93,180,2.67402,2.21453,2.21453,2.83556,2.82807,-1.41905,-1.35323
93,300,2.09082,0.918715,0.918715,2.03821,2.02918,0.462191,0.541457
94,0,3.14431,3,3,3,3,1.26768,1.26768
94,7,4.19522,3.98277,3.98277,4.16687,4.18147,0.249044,0.120764
94,21,4.14177,3.92723,3.92723,4.12561,4.13729,0.14197,0.0393482
94,123,3.01218,2.83009,2.83009,3.10463,3.11035,-0.812099,-0.862342
94,180,2.63567,2.21453,2.21453,2.53149,2.53407,0.91518,0.892463
94,300,1.28474,0.918715,0.918715,1.32493,1.3208,-0.35302,-0.316729
95,0,2.99084,3,3,3,3,-0.0804654,-0.0804654
95,7,3.79783,3.98277,3.98277,3.76184,3.7539,0.31614,0.385877
95,21,3.66918,3.92723,3.92723,3.69921,3.69219,-0.263768,-0.202134
95,123,2.56076,2.83009,2.83009,2.59832,2.59664,-0.329962,-0.315154
95,180,1.93211,2.21453,2.21453,1.98087,1.98215,-0.428368,-0.439555
95,300,0.709693,0.918715,0.918715,0.68098,0.688291,0.252226,0.188008
96,0,3.17973,3,3,3,3,1.57883,1.57883
96,7,3.5645,3.98277,3.98277,3.52358,3.52065,0.35946,0.385211
96,21,3.34825,3.92723,3.92723,3.47512,3.47071,-1.11445,-1.07572
96,123,2.51634,2.83009,2.83009,2.58784,2.58032,-0.628066,-0.562024
96,180,1.97411,2.21453,2.21453,2.09031,2.08096,-1.02074,-0.938577
96,300,1.14183,0.918715,0.918715,1.04288,1.0299,0.869183,0.9832
97,0,3.18734,3,3,3,3,1.64568,1.64568
97,7,4.18153,3.98277,3.98277,4.17771,4.18879,0.0335503,-0.0637677
97,21,4.08471,3.92723,3.92723,4.00745,4.01949,0.67869,0.572919
97,123,1.84713,2.83009,2.83009,1.91408,1.91812,-0.588084,-0.623622
97,180,0.718969,2.21453,2.21453,0.739957,0.739479,-0.184364,-0.180172
97,300,-1.72174,0.918715,0.918715,-1.73169,-1.74193,0.0873676,0.17739
98,0,2.95893,3,3,3,3,-0.360777,-0.360777
98,7,3.59916,3.98277,3.98277,3.7004,3.67943,-0.889328,-0.705089
98,21,3.58015,3.92723,3.92723,3.56162,3.54368,0.162754,0.320328
98,123,1.91411,2.83009,2.83009,1.83908,1.83627,0.659122,0.683737
98,180,0.773466,2.21453,2.21453,0.873146,0.878846,-0.875629,-0.925705
98,300,-1.1533,0.918715,0.918715,-1.16001,-1.13705,0.058968,-0.142715
99,0,2.86208,3,3,3,3,-1.21155,-1.21155
99,7,4.15405,3.98277,3.98277,4.19048,4.20723,-0.320028,-0.46716
99,21,4.06463,3.92723,3.92723,4.14035,4.15489,-0.665151,-0.79292
99,123,3.19054,2.83009,2.83009,3.05044,3.05352,1.23074,1.20369
99,180,2.57154,2.21453,2.21453,2.43874,2.43547,1.16654,1.19528
99,300,1.00802,0.918715,0.918715,1.15101,1.13432,-1.25605,-1.1095
100,0,3.16887,3,3,3,3,1.48343,1.48343
100,7,4.0756,3.98277,3.98277,4.04897,4.04754,0.233887,0.246525
100,21,4.11249,3.92723,3.92723,3.99959,3.99975,0.991791,0.990354
100,123,2.83834,2.83009,2.83009,2.95058,2.9544,-0.985966,-1.01949
100,180,2.1864,2.21453,2.21453,2.36201,2.36779,-1.54263,-1.59339
100,300,1.26926,0.918715,0.918715,1.12291,1.13282,1.28559,1.19853
