id,time,yG4,popPred_medianCOV,popPred,indivPred_SAEM,indivPred_mean,indWRes_SAEM,indWRes_mean
1,1,0.128641,0,0,0,0,0.360562,0.360562
1,2,-0.0813564,0,0,0,0,-0.22803,-0.22803
1,3,0.077264,0,0,0,0,0.21656,0.21656
1,4,-0.130565,0,0,0,0,-0.365954,-0.365954
1,5,0.0520865,0,0,0,0,0.145991,0.145991
1,6,-0.123261,0,0,0,0,-0.345482,-0.345482
1,7,0.272237,0,0,0,0,0.76304,0.76304
1,8,-0.0455936,0,0,0,0,-0.127792,-0.127792
1,9,0.457187,0,0,0,0,1.28143,1.28143
1,10,0.0330112,0,0,0,0,0.0925255,0.0925255
1,11,0.215956,0,0,0,0,0.605293,0.605293
1,12,-0.0517185,0,0,0,0,-0.144959,-0.144959
1,13,-0.102923,0,0,0,0,-0.288478,-0.288478
1,14,-0.109878,0,0,0,0,-0.307972,-0.307972
1,15,-0.245342,0,0,0,0,-0.687657,-0.687657
1,16,0.583289,0,0,0,0,1.63487,1.63487
1,17,0.699197,0,0,0,0,1.95975,1.95975
1,18,0.366491,0,0,0,0,1.02722,1.02722
1,19,0.476146,0,0,0,0,1.33457,1.33457
1,20,0.364655,0,0,0,0,1.02207,1.02207
1,21,0.413744,0,0,0,0,1.15966,1.15966
2,1,-0.205436,0,0,0,0,-0.575807,-0.575807
2,2,-0.107976,0,0,0,0,-0.302641,-0.302641
2,3,-0.48859,0,0,0,0,-1.36945,-1.36945
2,4,0.575601,0,0,0,0,1.61332,1.61332
2,5,0.687058,0,0,0,0,1.92572,1.92572
2,6,-0.301921,0,0,0,0,-0.84624,-0.84624
2,7,0.39319,0,0,0,0,1.10205,1.10205
2,8,-0.481133,0,0,0,0,-1.34854,-1.34854
2,9,0.203425,0,0,0,0,0.57017,0.57017
2,10,-0.250759,0,0,0,0,-0.70284,-0.70284
2,11,0.667045,0,0,0,0,1.86963,1.86963
2,12,-0.212337,0,0,0,0,-0.595149,-0.595149
2,13,0.00797086,0,0,0,0,0.0223411,0.0223411
2,14,-0.250686,0,0,0,0,-0.702636,-0.702636
2,15,-0.0476343,0,0,0,0,-0.133512,-0.133512
2,16,0.112814,0,0,0,0,0.316201,0.316201
2,17,0.143541,0,0,0,0,0.402324,0.402324
2,18,0.292043,0,0,0,0,0.818553,0.818553
2,19,-0.331571,0,0,0,0,-0.929344,-0.929344
2,20,-0.292782,0,0,0,0,-0.820625,-0.820625
2,21,0.206544,0,0,0,0,0.578912,0.578912
3,1,-0.47695,0,0,0,0,-1.33682,-1.33682
3,2,0.0879732,0,0,0,0,0.246576,0.246576
3,3,-0.16945,0,0,0,0,-0.474943,-0.474943
3,4,0.29464,0,0,0,0,0.825832,0.825832
3,5,-0.94815,0,0,0,0,-2.65752,-2.65752
3,6,-0.502717,0,0,0,0,-1.40904,-1.40904
3,7,0.0968425,0,0,0,0,0.271435,0.271435
3,8,0.0116829,0,0,0,0,0.0327454,0.0327454
3,9,-0.271653,0,0,0,0,-0.761403,-0.761403
3,10,0.0315261,0,0,0,0,0.088363,0.088363
3,11,-0.111989,0,0,0,0,-0.313889,-0.313889
3,12,-0.0209935,0,0,0,0,-0.0588417,-0.0588417
3,13,0.14672,0,0,0,0,0.411234,0.411234
3,14,-0.397876,0,0,0,0,-1.11519,-1.11519
3,15,-0.166274,0,0,0,0,-0.466041,-0.466041
3,16,0.0480225,0,0,0,0,0.1346,0.1346
3,17,-0.078887,0,0,0,0,-0.221109,-0.221109
3,18,0.267532,0,0,0,0,0.749853,0.749853
3,19,0.237542,0,0,0,0,0.665795,0.665795
3,20,-0.597777,0,0,0,0,-1.67548,-1.67548
3,21,0.219398,0,0,0,0,0.61494,0.61494
4,1,-0.0748282,0,0,0,0,-0.209732,-0.209732
4,2,-0.0143317,0,0,0,0,-0.0401696,-0.0401696
4,3,0.401846,0,0,0,0,1.12631,1.12631
4,4,0.0225771,0,0,0,0,0.0632803,0.0632803
4,5,-0.353671,0,0,0,0,-0.991287,-0.991287
4,6,-0.566607,0,0,0,0,-1.58812,-1.58812
4,7,-0.667798,0,0,0,0,-1.87174,-1.87174
4,8,-0.344572,0,0,0,0,-0.965784,-0.965784
4,9,-0.131613,0,0,0,0,-0.368892,-0.368892
4,10,-0.0445917,0,0,0,0,-0.124984,-0.124984
4,11,-0.183051,0,0,0,0,-0.513065,-0.513065
4,12,0.345757,0,0,0,0,0.969106,0.969106
4,13,-0.17433,0,0,0,0,-0.488621,-0.488621
4,14,0.056021,0,0,0,0,0.157019,0.157019
4,15,0.0271531,0,0,0,0,0.0761061,0.0761061
4,16,0.245711,0,0,0,0,0.688691,0.688691
4,17,-0.430535,0,0,0,0,-1.20673,-1.20673
4,18,0.369215,0,0,0,0,1.03485,1.03485
4,19,-0.810682,0,0,0,0,-2.27222,-2.27222
4,20,-0.504814,0,0,0,0,-1.41492,-1.41492
4,21,0.12328,0,0,0,0,0.345536,0.345536
5,1,-0.295289,0,0,0,0,-0.827651,-0.827651
5,2,-0.12039,0,0,0,0,-0.337435,-0.337435
5,3,0.419017,0,0,0,0,1.17444,1.17444
5,4,-0.102793,0,0,0,0,-0.288114,-0.288114
5,5,0.540502,0,0,0,0,1.51495,1.51495
5,6,0.30051,0,0,0,0,0.842285,0.842285
5,7,0.0785178,0,0,0,0,0.220074,0.220074
5,8,-0.129581,0,0,0,0,-0.363196,-0.363196
5,9,0.0699409,0,0,0,0,0.196034,0.196034
5,10,0.00409507,0,0,0,0,0.0114779,0.0114779
5,11,-0.0177397,0,0,0,0,-0.0497217,-0.0497217
5,12,-0.652943,0,0,0,0,-1.8301,-1.8301
5,13,-0.0998888,0,0,0,0,-0.279973,-0.279973
5,14,-0.0907754,0,0,0,0,-0.25443,-0.25443
5,15,0.129329,0,0,0,0,0.36249,0.36249
5,16,-0.0269535,0,0,0,0,-0.0755467,-0.0755467
5,17,-0.248265,0,0,0,0,-0.69585,-0.69585
5,18,0.144681,0,0,0,0,0.405519,0.405519
5,19,-0.355936,0,0,0,0,-0.997636,-0.997636
5,20,0.164103,0,0,0,0,0.459956,0.459956
5,21,0.385458,0,0,0,0,1.08038,1.08038
6,1,-0.297846,0,0,0,0,-0.834818,-0.834818
6,2,0.592355,0,0,0,0,1.66028,1.66028
6,3,0.509558,0,0,0,0,1.42822,1.42822
6,4,0.307521,0,0,0,0,0.861936,0.861936
6,5,0.231995,0,0,0,0,0.650248,0.650248
6,6,0.177827,0,0,0,0,0.498423,0.498423
6,7,-0.113479,0,0,0,0,-0.318065,-0.318065
6,8,-0.142182,0,0,0,0,-0.398515,-0.398515
6,9,-0.0255352,0,0,0,0,-0.0715714,-0.0715714
6,10,-0.359978,0,0,0,0,-1.00896,-1.00896
6,11,0.459284,0,0,0,0,1.2873,1.2873
6,12,0.423521,0,0,0,0,1.18707,1.18707
6,13,-0.0854145,0,0,0,0,-0.239404,-0.239404
6,14,0.120479,0,0,0,0,0.337685,0.337685
6,15,-0.372665,0,0,0,0,-1.04452,-1.04452
6,16,-0.175086,0,0,0,0,-0.49074,-0.49074
6,17,0.0287509,0,0,0,0,0.0805845,0.0805845
6,18,-0.600314,0,0,0,0,-1.68259,-1.68259
6,19,0.531079,0,0,0,0,1.48854,1.48854
6,20,-0.45245,0,0,0,0,-1.26815,-1.26815
6,21,0.182687,0,0,0,0,0.512045,0.512045
7,1,0.0879233,0,0,0,0,0.246436,0.246436
7,2,0.156738,0,0,0,0,0.439313,0.439313
7,3,0.0283885,0,0,0,0,0.0795688,0.0795688
7,4,0.374251,0,0,0,0,1.04897,1.04897
7,5,0.297628,0,0,0,0,0.834207,0.834207
7,6,0.369519,0,0,0,0,1.03571,1.03571
7,7,-0.0955596,0,0,0,0,-0.267839,-0.267839
7,8,-0.426868,0,0,0,0,-1.19645,-1.19645
7,9,0.0278764,0,0,0,0,0.0781334,0.0781334
7,10,-0.633399,0,0,0,0,-1.77532,-1.77532
7,11,-0.0813229,0,0,0,0,-0.227936,-0.227936
7,12,-0.131398,0,0,0,0,-0.368289,-0.368289
7,13,-0.235356,0,0,0,0,-0.659668,-0.659668
7,14,-0.000859953,0,0,0,0,-0.00241032,-0.00241032
7,15,0.167346,0,0,0,0,0.469046,0.469046
7,16,-0.0407178,0,0,0,0,-0.114126,-0.114126
7,17,-0.326587,0,0,0,0,-0.915375,-0.915375
7,18,0.293565,0,0,0,0,0.822819,0.822819
7,19,0.360418,0,0,0,0,1.0102,1.0102
7,20,-0.020974,0,0,0,0,-0.058787,-0.058787
7,21,0.360265,0,0,0,0,1.00977,1.00977
8,1,0.287792,0,0,0,0,0.806638,0.806638
8,2,0.349477,0,0,0,0,0.979532,0.979532
8,3,0.224258,0,0,0,0,0.628562,0.628562
8,4,0.318984,0,0,0,0,0.894065,0.894065
8,5,-0.111354,0,0,0,0,-0.312109,-0.312109
8,6,-0.333335,0,0,0,0,-0.934289,-0.934289
8,7,-0.386945,0,0,0,0,-1.08455,-1.08455
8,8,0.149423,0,0,0,0,0.418811,0.418811
8,9,0.408132,0,0,0,0,1.14393,1.14393
8,10,0.585571,0,0,0,0,1.64127,1.64127
8,11,-0.11845,0,0,0,0,-0.331998,-0.331998
8,12,0.0711829,0,0,0,0,0.199515,0.199515
8,13,0.453903,0,0,0,0,1.27222,1.27222
8,14,0.156649,0,0,0,0,0.439064,0.439064
8,15,0.0394221,0,0,0,0,0.110494,0.110494
8,16,0.375396,0,0,0,0,1.05218,1.05218
8,17,0.241369,0,0,0,0,0.676522,0.676522
8,18,-0.610685,0,0,0,0,-1.71166,-1.71166
8,19,-0.238136,0,0,0,0,-0.66746,-0.66746
8,20,-0.422106,0,0,0,0,-1.1831,-1.1831
8,21,0.210067,0,0,0,0,0.588787,0.588787
9,1,-0.111156,0,0,0,0,-0.311554,-0.311554
9,2,-0.0140606,0,0,0,0,-0.0394098,-0.0394098
9,3,0.0778035,0,0,0,0,0.218072,0.218072
9,4,-0.464308,0,0,0,0,-1.30139,-1.30139
9,5,0.67628,0,0,0,0,1.89551,1.89551
9,6,-0.36116,0,0,0,0,-1.01228,-1.01228
9,7,0.394853,0,0,0,0,1.10671,1.10671
9,8,-0.274764,0,0,0,0,-0.770123,-0.770123
9,9,-0.769257,0,0,0,0,-2.15611,-2.15611
9,10,0.488454,0,0,0,0,1.36906,1.36906
9,11,0.0732258,0,0,0,0,0.205241,0.205241
9,12,0.603983,0,0,0,0,1.69287,1.69287
9,13,-0.506785,0,0,0,0,-1.42044,-1.42044
9,14,0.626148,0,0,0,0,1.755,1.755
9,15,0.211551,0,0,0,0,0.592946,0.592946
9,16,0.0595972,0,0,0,0,0.167042,0.167042
9,17,-0.0355094,0,0,0,0,-0.0995276,-0.0995276
9,18,0.326299,0,0,0,0,0.914568,0.914568
9,19,-0.292398,0,0,0,0,-0.819548,-0.819548
9,20,0.204871,0,0,0,0,0.574223,0.574223
9,21,0.700843,0,0,0,0,1.96436,1.96436
10,1,0.51566,0,0,0,0,1.44532,1.44532
10,2,0.224651,0,0,0,0,0.629663,0.629663
10,3,-0.132452,0,0,0,0,-0.371243,-0.371243
10,4,0.465175,0,0,0,0,1.30382,1.30382
10,5,-0.295094,0,0,0,0,-0.827105,-0.827105
10,6,-0.121477,0,0,0,0,-0.340482,-0.340482
10,7,-0.411851,0,0,0,0,-1.15436,-1.15436
10,8,-0.249867,0,0,0,0,-0.70034,-0.70034
10,9,0.218186,0,0,0,0,0.611543,0.611543
10,10,0.0558503,0,0,0,0,0.15654,0.15654
10,11,0.121332,0,0,0,0,0.340076,0.340076
10,12,0.125264,0,0,0,0,0.351096,0.351096
10,13,-0.47929,0,0,0,0,-1.34338,-1.34338
10,14,-0.0707737,0,0,0,0,-0.198368,-0.198368
10,15,-0.11617,0,0,0,0,-0.325607,-0.325607
10,16,0.399388,0,0,0,0,1.11943,1.11943
10,17,-0.354384,0,0,0,0,-0.993286,-0.993286
10,18,0.122117,0,0,0,0,0.342276,0.342276
10,19,0.287993,0,0,0,0,0.807202,0.807202
10,20,0.469763,0,0,0,0,1.31668,1.31668
10,21,-0.468663,0,0,0,0,-1.31359,-1.31359
11,1,-0.145398,0,0,0,0,-0.407529,-0.407529
11,2,0.0886296,0,0,0,0,0.248416,0.248416
11,3,-0.312602,0,0,0,0,-0.876177,-0.876177
11,4,-0.165541,0,0,0,0,-0.463987,-0.463987
11,5,-0.18457,0,0,0,0,-0.517322,-0.517322
11,6,0.0133215,0,0,0,0,0.0373382,0.0373382
11,7,0.0396994,0,0,0,0,0.111272,0.111272
11,8,-0.425181,0,0,0,0,-1.19172,-1.19172
11,9,-0.981722,0,0,0,0,-2.75162,-2.75162
11,10,-0.352507,0,0,0,0,-0.988025,-0.988025
11,11,0.201794,0,0,0,0,0.565599,0.565599
11,12,-0.385231,0,0,0,0,-1.07975,-1.07975
11,13,-0.125347,0,0,0,0,-0.351329,-0.351329
11,14,-0.394711,0,0,0,0,-1.10632,-1.10632
11,15,-0.0174435,0,0,0,0,-0.0488915,-0.0488915
11,16,0.150918,0,0,0,0,0.423001,0.423001
11,17,-0.189792,0,0,0,0,-0.531959,-0.531959
11,18,-0.0741596,0,0,0,0,-0.207858,-0.207858
11,19,-0.0537233,0,0,0,0,-0.150578,-0.150578
11,20,-0.259322,0,0,0,0,-0.726841,-0.726841
11,21,-0.261776,0,0,0,0,-0.733719,-0.733719
12,1,-0.0989846,0,0,0,0,-0.277439,-0.277439
12,2,0.307729,0,0,0,0,0.862519,0.862519
12,3,0.467028,0,0,0,0,1.30901,1.30901
12,4,-0.0813829,0,0,0,0,-0.228104,-0.228104
12,5,0.0432596,0,0,0,0,0.12125,0.12125
12,6,-0.279315,0,0,0,0,-0.782879,-0.782879
12,7,-0.287642,0,0,0,0,-0.806218,-0.806218
12,8,0.438804,0,0,0,0,1.2299,1.2299
12,9,0.116662,0,0,0,0,0.326986,0.326986
12,10,0.0672581,0,0,0,0,0.188514,0.188514
12,11,0.284938,0,0,0,0,0.798639,0.798639
12,12,0.21331,0,0,0,0,0.597876,0.597876
12,13,0.576026,0,0,0,0,1.61452,1.61452
12,14,-0.0985284,0,0,0,0,-0.27616,-0.27616
12,15,-0.403829,0,0,0,0,-1.13187,-1.13187
12,16,0.347841,0,0,0,0,0.974947,0.974947
12,17,-0.398924,0,0,0,0,-1.11812,-1.11812
12,18,0.297958,0,0,0,0,0.835132,0.835132
12,19,-0.406023,0,0,0,0,-1.13802,-1.13802
12,20,0.175171,0,0,0,0,0.490978,0.490978
12,21,0.526801,0,0,0,0,1.47655,1.47655
13,1,-0.52719,0,0,0,0,-1.47764,-1.47764
13,2,0.43094,0,0,0,0,1.20786,1.20786
13,3,-0.546538,0,0,0,0,-1.53186,-1.53186
13,4,0.814684,0,0,0,0,2.28344,2.28344
13,5,-0.145903,0,0,0,0,-0.408944,-0.408944
13,6,0.16343,0,0,0,0,0.45807,0.45807
13,7,0.236733,0,0,0,0,0.663527,0.663527
13,8,0.232761,0,0,0,0,0.652395,0.652395
13,9,-0.219503,0,0,0,0,-0.615234,-0.615234
13,10,0.181823,0,0,0,0,0.509623,0.509623
13,11,-0.373263,0,0,0,0,-1.0462,-1.0462
13,12,0.499227,0,0,0,0,1.39926,1.39926
13,13,0.41149,0,0,0,0,1.15335,1.15335
13,14,0.208788,0,0,0,0,0.585202,0.585202
13,15,0.535118,0,0,0,0,1.49986,1.49986
13,16,0.700907,0,0,0,0,1.96454,1.96454
13,17,0.101252,0,0,0,0,0.283794,0.283794
13,18,-0.116754,0,0,0,0,-0.327244,-0.327244
13,19,-0.911049,0,0,0,0,-2.55354,-2.55354
13,20,0.426182,0,0,0,0,1.19452,1.19452
13,21,-0.281629,0,0,0,0,-0.789364,-0.789364
14,1,0.264801,0,0,0,0,0.742198,0.742198
14,2,0.0833472,0,0,0,0,0.23361,0.23361
14,3,0.60432,0,0,0,0,1.69382,1.69382
14,4,0.0475194,0,0,0,0,0.13319,0.13319
14,5,0.481124,0,0,0,0,1.34852,1.34852
14,6,0.139394,0,0,0,0,0.390701,0.390701
14,7,0.232266,0,0,0,0,0.651007,0.651007
14,8,-0.790733,0,0,0,0,-2.21631,-2.21631
14,9,0.32934,0,0,0,0,0.923091,0.923091
14,10,0.0449947,0,0,0,0,0.126113,0.126113
14,11,-0.362798,0,0,0,0,-1.01687,-1.01687
14,12,0.2679,0,0,0,0,0.750884,0.750884
14,13,-0.0560072,0,0,0,0,-0.15698,-0.15698
14,14,-0.280201,0,0,0,0,-0.785362,-0.785362
14,15,0.0103523,0,0,0,0,0.029016,0.029016
14,16,0.632369,0,0,0,0,1.77244,1.77244
14,17,-0.207049,0,0,0,0,-0.580328,-0.580328
14,18,0.143246,0,0,0,0,0.401497,0.401497
14,19,0.0360029,0,0,0,0,0.100911,0.100911
14,20,0.195344,0,0,0,0,0.54752,0.54752
14,21,-0.200017,0,0,0,0,-0.560618,-0.560618
15,1,-0.0446916,0,0,0,0,-0.125264,-0.125264
15,2,-0.537444,0,0,0,0,-1.50638,-1.50638
15,3,-0.441829,0,0,0,0,-1.23838,-1.23838
15,4,0.290887,0,0,0,0,0.815313,0.815313
15,5,-0.395002,0,0,0,0,-1.10713,-1.10713
15,6,-0.448657,0,0,0,0,-1.25752,-1.25752
15,7,-0.373308,0,0,0,0,-1.04633,-1.04633
15,8,-0.430645,0,0,0,0,-1.20703,-1.20703
15,9,0.379971,0,0,0,0,1.065,1.065
15,10,0.815399,0,0,0,0,2.28544,2.28544
15,11,0.384687,0,0,0,0,1.07822,1.07822
15,12,0.940692,0,0,0,0,2.63662,2.63662
15,13,0.224929,0,0,0,0,0.630443,0.630443
15,14,-0.621026,0,0,0,0,-1.74064,-1.74064
15,15,-0.517778,0,0,0,0,-1.45125,-1.45125
15,16,-0.925372,0,0,0,0,-2.59368,-2.59368
15,17,-0.240685,0,0,0,0,-0.674604,-0.674604
15,18,0.545974,0,0,0,0,1.53028,1.53028
15,19,-0.037612,0,0,0,0,-0.105421,-0.105421
15,20,0.133085,0,0,0,0,0.373018,0.373018
15,21,-0.291548,0,0,0,0,-0.817166,-0.817166
16,1,0.125818,0,0,0,0,0.352649,0.352649
16,2,-0.45778,0,0,0,0,-1.28309,-1.28309
16,3,0.276768,0,0,0,0,0.77574,0.77574
16,4,0.515951,0,0,0,0,1.44613,1.44613
16,5,-0.0412843,0,0,0,0,-0.115714,-0.115714
16,6,0.424846,0,0,0,0,1.19078,1.19078
16,7,-0.179045,0,0,0,0,-0.501837,-0.501837
16,8,0.550778,0,0,0,0,1.54375,1.54375
16,9,-0.448988,0,0,0,0,-1.25845,-1.25845
16,10,-0.621687,0,0,0,0,-1.7425,-1.7425
16,11,0.365506,0,0,0,0,1.02446,1.02446
16,12,0.531267,0,0,0,0,1.48906,1.48906
16,13,0.378413,0,0,0,0,1.06064,1.06064
16,14,0.316497,0,0,0,0,0.887094,0.887094
16,15,-0.211415,0,0,0,0,-0.592565,-0.592565
16,16,0.393066,0,0,0,0,1.10171,1.10171
16,17,-0.450443,0,0,0,0,-1.26252,-1.26252
16,18,0.0953571,0,0,0,0,0.267272,0.267272
16,19,-0.0683177,0,0,0,0,-0.191484,-0.191484
16,20,0.2599,0,0,0,0,0.728461,0.728461
16,21,-0.572744,0,0,0,0,-1.60532,-1.60532
17,1,-0.259662,0,0,0,0,-0.727794,-0.727794
17,2,0.275282,0,0,0,0,0.771575,0.771575
17,3,0.0128488,0,0,0,0,0.0360133,0.0360133
17,4,0.123283,0,0,0,0,0.345544,0.345544
17,5,0.164433,0,0,0,0,0.460881,0.460881
17,6,0.0861625,0,0,0,0,0.241501,0.241501
17,7,-0.0119402,0,0,0,0,-0.0334666,-0.0334666
17,8,-0.241079,0,0,0,0,-0.675709,-0.675709
17,9,-0.292742,0,0,0,0,-0.820512,-0.820512
17,10,0.0903568,0,0,0,0,0.253257,0.253257
17,11,0.494489,0,0,0,0,1.38598,1.38598
17,12,0.642418,0,0,0,0,1.8006,1.8006
17,13,-0.281413,0,0,0,0,-0.788759,-0.788759
17,14,0.278189,0,0,0,0,0.779723,0.779723
17,15,-0.0730781,0,0,0,0,-0.204827,-0.204827
17,16,-0.176993,0,0,0,0,-0.496085,-0.496085
17,17,0.543095,0,0,0,0,1.52221,1.52221
17,18,0.170062,0,0,0,0,0.476659,0.476659
17,19,-0.518161,0,0,0,0,-1.45233,-1.45233
17,20,-0.397043,0,0,0,0,-1.11285,-1.11285
17,21,-0.638389,0,0,0,0,-1.78931,-1.78931
18,1,0.46376,0,0,0,0,1.29985,1.29985
18,2,-0.14586,0,0,0,0,-0.408824,-0.408824
18,3,0.29052,0,0,0,0,0.814284,0.814284
18,4,0.11478,0,0,0,0,0.321711,0.321711
18,5,0.335194,0,0,0,0,0.939499,0.939499
18,6,-0.370024,0,0,0,0,-1.03712,-1.03712
18,7,-0.237117,0,0,0,0,-0.664604,-0.664604
18,8,-0.605174,0,0,0,0,-1.69621,-1.69621
18,9,0.399508,0,0,0,0,1.11976,1.11976
18,10,-0.98895,0,0,0,0,-2.77188,-2.77188
18,11,-0.0403719,0,0,0,0,-0.113156,-0.113156
18,12,0.25204,0,0,0,0,0.706431,0.706431
18,13,-0.059346,0,0,0,0,-0.166338,-0.166338
18,14,-0.587455,0,0,0,0,-1.64655,-1.64655
18,15,-0.0822734,0,0,0,0,-0.2306,-0.2306
18,16,-0.370744,0,0,0,0,-1.03914,-1.03914
18,17,0.00956793,0,0,0,0,0.0268175,0.0268175
18,18,0.929017,0,0,0,0,2.6039,2.6039
18,19,0.182159,0,0,0,0,0.510565,0.510565
18,20,0.209219,0,0,0,0,0.58641,0.58641
18,21,-0.257131,0,0,0,0,-0.7207,-0.7207
19,1,-0.0618513,0,0,0,0,-0.17336,-0.17336
19,2,-0.452883,0,0,0,0,-1.26936,-1.26936
19,3,0.210881,0,0,0,0,0.591068,0.591068
19,4,0.211738,0,0,0,0,0.59347,0.59347
19,5,0.0651703,0,0,0,0,0.182663,0.182663
19,6,-0.161499,0,0,0,0,-0.452658,-0.452658
19,7,-0.260734,0,0,0,0,-0.730799,-0.730799
19,8,-0.229276,0,0,0,0,-0.642627,-0.642627
19,9,0.221209,0,0,0,0,0.620016,0.620016
19,10,-0.0607615,0,0,0,0,-0.170305,-0.170305
19,11,-0.0448544,0,0,0,0,-0.12572,-0.12572
19,12,0.638894,0,0,0,0,1.79073,1.79073
19,13,-0.418669,0,0,0,0,-1.17347,-1.17347
19,14,-0.595765,0,0,0,0,-1.66984,-1.66984
19,15,-0.0145833,0,0,0,0,-0.0408748,-0.0408748
19,16,-0.221354,0,0,0,0,-0.620422,-0.620422
19,17,-0.0198654,0,0,0,0,-0.0556798,-0.0556798
19,18,0.177576,0,0,0,0,0.497719,0.497719
19,19,0.123452,0,0,0,0,0.346018,0.346018
19,20,0.0906985,0,0,0,0,0.254214,0.254214
19,21,0.067983,0,0,0,0,0.190546,0.190546
20,1,-0.32342,0,0,0,0,-0.906498,-0.906498
20,2,0.0834625,0,0,0,0,0.233933,0.233933
20,3,-0.179374,0,0,0,0,-0.502759,-0.502759
20,4,-0.348642,0,0,0,0,-0.977192,-0.977192
20,5,0.31873,0,0,0,0,0.893353,0.893353
20,6,0.105171,0,0,0,0,0.294779,0.294779
20,7,0.0883955,0,0,0,0,0.247759,0.247759
20,8,0.466554,0,0,0,0,1.30768,1.30768
20,9,-0.122363,0,0,0,0,-0.342965,-0.342965
20,10,-0.131599,0,0,0,0,-0.368852,-0.368852
20,11,0.276023,0,0,0,0,0.773652,0.773652
20,12,-0.298044,0,0,0,0,-0.835373,-0.835373
20,13,0.239707,0,0,0,0,0.671863,0.671863
20,14,-0.496087,0,0,0,0,-1.39046,-1.39046
20,15,-1.08115,0,0,0,0,-3.0303,-3.0303
20,16,-0.0298715,0,0,0,0,-0.0837254,-0.0837254
20,17,0.247323,0,0,0,0,0.69321,0.69321
20,18,-0.0551574,0,0,0,0,-0.154598,-0.154598
20,19,0.154565,0,0,0,0,0.433223,0.433223
20,20,-0.385724,0,0,0,0,-1.08113,-1.08113
20,21,-0.0708955,0,0,0,0,-0.19871,-0.19871
21,1,-0.5754,0,0,0,0,-1.61276,-1.61276
21,2,-0.138362,0,0,0,0,-0.387808,-0.387808
21,3,-0.557773,0,0,0,0,-1.56335,-1.56335
21,4,-0.555225,0,0,0,0,-1.55621,-1.55621
21,5,-0.202249,0,0,0,0,-0.566874,-0.566874
21,6,0.0870231,0,0,0,0,0.243913,0.243913
21,7,0.0595388,0,0,0,0,0.166878,0.166878
21,8,0.117347,0,0,0,0,0.328906,0.328906
21,9,0.158058,0,0,0,0,0.443013,0.443013
21,10,-0.103909,0,0,0,0,-0.291242,-0.291242
21,11,0.138458,0,0,0,0,0.388077,0.388077
21,12,-0.14316,0,0,0,0,-0.401256,-0.401256
21,13,0.0161837,0,0,0,0,0.0453605,0.0453605
21,14,0.279711,0,0,0,0,0.783988,0.783988
21,15,-0.964877,0,0,0,0,-2.70441,-2.70441
21,16,-0.284106,0,0,0,0,-0.796307,-0.796307
21,17,0.22801,0,0,0,0,0.639078,0.639078
21,18,0.435831,0,0,0,0,1.22157,1.22157
21,19,-0.14178,0,0,0,0,-0.397388,-0.397388
21,20,0.545601,0,0,0,0,1.52924,1.52924
21,21,-0.225785,0,0,0,0,-0.632842,-0.632842
22,1,-0.215101,0,0,0,0,-0.602896,-0.602896
22,2,-0.257213,0,0,0,0,-0.72093,-0.72093
22,3,-0.325662,0,0,0,0,-0.912782,-0.912782
22,4,0.198505,0,0,0,0,0.55638,0.55638
22,5,-0.653258,0,0,0,0,-1.83099,-1.83099
22,6,0.252737,0,0,0,0,0.708384,0.708384
22,7,-0.169605,0,0,0,0,-0.475378,-0.475378
22,8,0.552429,0,0,0,0,1.54838,1.54838
22,9,0.597261,0,0,0,0,1.67403,1.67403
22,10,-0.35361,0,0,0,0,-0.991116,-0.991116
22,11,-0.125608,0,0,0,0,-0.352061,-0.352061
22,12,-0.0995545,0,0,0,0,-0.279036,-0.279036
22,13,0.474781,0,0,0,0,1.33074,1.33074
22,14,-0.0304569,0,0,0,0,-0.0853662,-0.0853662
22,15,-0.131098,0,0,0,0,-0.367448,-0.367448
22,16,-0.225166,0,0,0,0,-0.631107,-0.631107
22,17,-1.08736,0,0,0,0,-3.04771,-3.04771
22,18,0.20853,0,0,0,0,0.584479,0.584479
22,19,-0.0308197,0,0,0,0,-0.086383,-0.086383
22,20,-0.417655,0,0,0,0,-1.17063,-1.17063
22,21,-0.339978,0,0,0,0,-0.952908,-0.952908
23,1,0.432869,0,0,0,0,1.21327,1.21327
23,2,-0.10252,0,0,0,0,-0.287348,-0.287348
23,3,-0.752723,0,0,0,0,-2.10977,-2.10977
23,4,0.265493,0,0,0,0,0.744138,0.744138
23,5,0.153351,0,0,0,0,0.42982,0.42982
23,6,-0.646785,0,0,0,0,-1.81284,-1.81284
23,7,0.334695,0,0,0,0,0.9381,0.9381
23,8,-0.158708,0,0,0,0,-0.444835,-0.444835
23,9,0.183286,0,0,0,0,0.513723,0.513723
23,10,0.0423444,0,0,0,0,0.118685,0.118685
23,11,-0.180863,0,0,0,0,-0.506932,-0.506932
23,12,-0.638577,0,0,0,0,-1.78984,-1.78984
23,13,0.306031,0,0,0,0,0.85776,0.85776
23,14,0.0025188,0,0,0,0,0.00705982,0.00705982
23,15,0.437091,0,0,0,0,1.2251,1.2251
23,16,0.0116413,0,0,0,0,0.0326288,0.0326288
23,17,0.118966,0,0,0,0,0.333444,0.333444
23,18,0.220865,0,0,0,0,0.619052,0.619052
23,19,0.200547,0,0,0,0,0.562103,0.562103
23,20,0.0999408,0,0,0,0,0.280119,0.280119
23,21,-0.257558,0,0,0,0,-0.721897,-0.721897
24,1,-0.324215,0,0,0,0,-0.908727,-0.908727
24,2,0.0926771,0,0,0,0,0.25976,0.25976
24,3,0.667072,0,0,0,0,1.8697,1.8697
24,4,0.204787,0,0,0,0,0.573988,0.573988
24,5,1.18508,0,0,0,0,3.3216,3.3216
24,6,-0.529192,0,0,0,0,-1.48325,-1.48325
24,7,-0.4373,0,0,0,0,-1.22569,-1.22569
24,8,0.375505,0,0,0,0,1.05248,1.05248
24,9,-0.253697,0,0,0,0,-0.711075,-0.711075
24,10,-0.582359,0,0,0,0,-1.63227,-1.63227
24,11,-0.473609,0,0,0,0,-1.32746,-1.32746
24,12,-0.156031,0,0,0,0,-0.437332,-0.437332
24,13,-0.421495,0,0,0,0,-1.18139,-1.18139
24,14,0.118893,0,0,0,0,0.333239,0.333239
24,15,0.886979,0,0,0,0,2.48607,2.48607
24,16,0.399184,0,0,0,0,1.11885,1.11885
24,17,0.331571,0,0,0,0,0.929344,0.929344
24,18,0.264321,0,0,0,0,0.740853,0.740853
24,19,-0.22664,0,0,0,0,-0.635238,-0.635238
24,20,0.246352,0,0,0,0,0.690488,0.690488
24,21,0.325307,0,0,0,0,0.911787,0.911787
25,1,0.571485,0,0,0,0,1.60179,1.60179
25,2,-0.103062,0,0,0,0,-0.288868,-0.288868
25,3,0.0902417,0,0,0,0,0.252934,0.252934
25,4,-0.396798,0,0,0,0,-1.11217,-1.11217
25,5,-0.121574,0,0,0,0,-0.340754,-0.340754
25,6,0.503964,0,0,0,0,1.41254,1.41254
25,7,-0.0556435,0,0,0,0,-0.15596,-0.15596
25,8,-0.143868,0,0,0,0,-0.403241,-0.403241
25,9,0.361754,0,0,0,0,1.01394,1.01394
25,10,-0.112276,0,0,0,0,-0.314693,-0.314693
25,11,-0.573519,0,0,0,0,-1.60749,-1.60749
25,12,0.137877,0,0,0,0,0.386449,0.386449
25,13,-0.159718,0,0,0,0,-0.447666,-0.447666
25,14,-0.757573,0,0,0,0,-2.12336,-2.12336
25,15,0.218713,0,0,0,0,0.61302,0.61302
25,16,-0.0686253,0,0,0,0,-0.192347,-0.192347
25,17,-0.0365709,0,0,0,0,-0.102503,-0.102503
25,18,0.306544,0,0,0,0,0.859197,0.859197
25,19,0.369668,0,0,0,0,1.03612,1.03612
25,20,-0.550003,0,0,0,0,-1.54158,-1.54158
25,21,-0.481703,0,0,0,0,-1.35014,-1.35014
26,1,-0.325038,0,0,0,0,-0.911033,-0.911033
26,2,0.358523,0,0,0,0,1.00489,1.00489
26,3,0.00127279,0,0,0,0,0.00356744,0.00356744
26,4,-0.679219,0,0,0,0,-1.90375,-1.90375
26,5,-0.805691,0,0,0,0,-2.25823,-2.25823
26,6,-0.0119583,0,0,0,0,-0.0335173,-0.0335173
26,7,0.180463,0,0,0,0,0.505811,0.505811
26,8,0.0942359,0,0,0,0,0.264129,0.264129
26,9,0.815442,0,0,0,0,2.28556,2.28556
26,10,-0.630869,0,0,0,0,-1.76823,-1.76823
26,11,-0.0253395,0,0,0,0,-0.0710229,-0.0710229
26,12,0.0727788,0,0,0,0,0.203988,0.203988
26,13,-0.248696,0,0,0,0,-0.697058,-0.697058
26,14,-0.333928,0,0,0,0,-0.935951,-0.935951
26,15,0.252659,0,0,0,0,0.708166,0.708166
26,16,-0.0671366,0,0,0,0,-0.188174,-0.188174
26,17,-0.297042,0,0,0,0,-0.832565,-0.832565
26,18,0.0789139,0,0,0,0,0.221184,0.221184
26,19,-0.775849,0,0,0,0,-2.17459,-2.17459
26,20,0.421518,0,0,0,0,1.18145,1.18145
26,21,0.349492,0,0,0,0,0.979574,0.979574
27,1,0.257181,0,0,0,0,0.72084,0.72084
27,2,-0.113155,0,0,0,0,-0.317157,-0.317157
27,3,-0.0450472,0,0,0,0,-0.126261,-0.126261
27,4,0.351167,0,0,0,0,0.984269,0.984269
27,5,-0.189182,0,0,0,0,-0.530249,-0.530249
27,6,0.23142,0,0,0,0,0.648636,0.648636
27,7,-0.0134963,0,0,0,0,-0.0378281,-0.0378281
27,8,-0.394551,0,0,0,0,-1.10587,-1.10587
27,9,-0.291467,0,0,0,0,-0.816939,-0.816939
27,10,-0.176065,0,0,0,0,-0.493484,-0.493484
27,11,-0.365645,0,0,0,0,-1.02485,-1.02485
27,12,0.194991,0,0,0,0,0.546531,0.546531
27,13,-0.0925566,0,0,0,0,-0.259422,-0.259422
27,14,-0.635109,0,0,0,0,-1.78012,-1.78012
27,15,0.439374,0,0,0,0,1.2315,1.2315
27,16,0.0499625,0,0,0,0,0.140037,0.140037
27,17,-0.45541,0,0,0,0,-1.27645,-1.27645
27,18,0.0292959,0,0,0,0,0.0821121,0.0821121
27,19,-0.182686,0,0,0,0,-0.512042,-0.512042
27,20,0.0559205,0,0,0,0,0.156737,0.156737
27,21,-0.240842,0,0,0,0,-0.675044,-0.675044
28,1,0.0543608,0,0,0,0,0.152365,0.152365
28,2,0.339306,0,0,0,0,0.951024,0.951024
28,3,0.431098,0,0,0,0,1.2083,1.2083
28,4,0.157011,0,0,0,0,0.440079,0.440079
28,5,0.896092,0,0,0,0,2.51161,2.51161
28,6,-0.246816,0,0,0,0,-0.691789,-0.691789
28,7,0.102248,0,0,0,0,0.286586,0.286586
28,8,-0.366995,0,0,0,0,-1.02863,-1.02863
28,9,0.513275,0,0,0,0,1.43863,1.43863
28,10,-0.232489,0,0,0,0,-0.651632,-0.651632
28,11,0.241273,0,0,0,0,0.676252,0.676252
28,12,0.439799,0,0,0,0,1.23269,1.23269
28,13,-0.323101,0,0,0,0,-0.905604,-0.905604
28,14,0.289373,0,0,0,0,0.81107,0.81107
28,15,-0.357947,0,0,0,0,-1.00327,-1.00327
28,16,0.295063,0,0,0,0,0.827018,0.827018
28,17,0.109789,0,0,0,0,0.307722,0.307722
28,18,-0.207326,0,0,0,0,-0.581104,-0.581104
28,19,0.594197,0,0,0,0,1.66545,1.66545
28,20,-0.0169636,0,0,0,0,-0.0475465,-0.0475465
28,21,0.0212615,0,0,0,0,0.0595928,0.0595928
29,1,-0.289877,0,0,0,0,-0.812482,-0.812482
29,2,-0.527159,0,0,0,0,-1.47755,-1.47755
29,3,0.10769,0,0,0,0,0.301839,0.301839
29,4,0.183198,0,0,0,0,0.513477,0.513477
29,5,-0.146936,0,0,0,0,-0.41184,-0.41184
29,6,-0.348176,0,0,0,0,-0.975886,-0.975886
29,7,-0.225442,0,0,0,0,-0.63188,-0.63188
29,8,0.526194,0,0,0,0,1.47484,1.47484
29,9,-0.0202627,0,0,0,0,-0.0567933,-0.0567933
29,10,-0.432996,0,0,0,0,-1.21362,-1.21362
29,11,0.409605,0,0,0,0,1.14806,1.14806
29,12,-0.0148239,0,0,0,0,-0.0415492,-0.0415492
29,13,0.0982272,0,0,0,0,0.275316,0.275316
29,14,-0.317576,0,0,0,0,-0.890118,-0.890118
29,15,-0.782273,0,0,0,0,-2.1926,-2.1926
29,16,0.595852,0,0,0,0,1.67008,1.67008
29,17,0.263934,0,0,0,0,0.739768,0.739768
29,18,0.75648,0,0,0,0,2.1203,2.1203
29,19,-0.752576,0,0,0,0,-2.10936,-2.10936
29,20,-0.452565,0,0,0,0,-1.26847,-1.26847
29,21,0.118532,0,0,0,0,0.332228,0.332228
30,1,0.467972,0,0,0,0,1.31166,1.31166
30,2,-0.188578,0,0,0,0,-0.528556,-0.528556
30,3,-0.204747,0,0,0,0,-0.573875,-0.573875
30,4,0.335766,0,0,0,0,0.941102,0.941102
30,5,0.41161,0,0,0,0,1.15368,1.15368
30,6,0.346737,0,0,0,0,0.971852,0.971852
30,7,0.0953821,0,0,0,0,0.267342,0.267342
30,8,0.25578,0,0,0,0,0.716913,0.716913
30,9,0.241677,0,0,0,0,0.677385,0.677385
30,10,-0.519276,0,0,0,0,-1.45545,-1.45545
30,11,0.0516157,0,0,0,0,0.144671,0.144671
30,12,-0.149325,0,0,0,0,-0.418536,-0.418536
30,13,-0.198958,0,0,0,0,-0.55765,-0.55765
30,14,-0.417856,0,0,0,0,-1.17119,-1.17119
30,15,-0.119906,0,0,0,0,-0.336079,-0.336079
30,16,-0.49033,0,0,0,0,-1.37432,-1.37432
30,17,-0.165582,0,0,0,0,-0.464102,-0.464102
30,18,-0.113091,0,0,0,0,-0.316977,-0.316977
30,19,0.400397,0,0,0,0,1.12225,1.12225
30,20,-0.295624,0,0,0,0,-0.82859,-0.82859
30,21,-0.490226,0,0,0,0,-1.37403,-1.37403
31,1,-0.396555,0,0,0,0,-1.11148,-1.11148
31,2,-0.0190289,0,0,0,0,-0.0533352,-0.0533352
31,3,-0.160774,0,0,0,0,-0.450626,-0.450626
31,4,0.708356,0,0,0,0,1.98542,1.98542
31,5,0.182878,0,0,0,0,0.51258,0.51258
31,6,0.0982269,0,0,0,0,0.275315,0.275315
31,7,0.0311945,0,0,0,0,0.0874336,0.0874336
31,8,-0.0819251,0,0,0,0,-0.229624,-0.229624
31,9,1.06885,0,0,0,0,2.99583,2.99583
31,10,-0.341911,0,0,0,0,-0.958326,-0.958326
31,11,0.325671,0,0,0,0,0.912808,0.912808
31,12,-0.143016,0,0,0,0,-0.400853,-0.400853
31,13,0.0698788,0,0,0,0,0.19586,0.19586
31,14,0.10126,0,0,0,0,0.283817,0.283817
31,15,-0.0643208,0,0,0,0,-0.180282,-0.180282
31,16,0.337223,0,0,0,0,0.945186,0.945186
31,17,-0.484375,0,0,0,0,-1.35763,-1.35763
31,18,1.21265,0,0,0,0,3.39888,3.39888
31,19,-0.211818,0,0,0,0,-0.593694,-0.593694
31,20,0.0729176,0,0,0,0,0.204377,0.204377
31,21,0.0755776,0,0,0,0,0.211833,0.211833
32,1,-0.122802,0,0,0,0,-0.344196,-0.344196
32,2,-0.368882,0,0,0,0,-1.03392,-1.03392
32,3,0.475778,0,0,0,0,1.33354,1.33354
32,4,-0.00316154,0,0,0,0,-0.00886133,-0.00886133
32,5,0.316344,0,0,0,0,0.886665,0.886665
32,6,0.16962,0,0,0,0,0.47542,0.47542
32,7,0.209493,0,0,0,0,0.587178,0.587178
32,8,-0.111339,0,0,0,0,-0.312067,-0.312067
32,9,-0.0207945,0,0,0,0,-0.0582839,-0.0582839
32,10,-0.186078,0,0,0,0,-0.521549,-0.521549
32,11,0.648386,0,0,0,0,1.81733,1.81733
32,12,-0.105673,0,0,0,0,-0.296186,-0.296186
32,13,-0.105424,0,0,0,0,-0.295488,-0.295488
32,14,0.104756,0,0,0,0,0.293616,0.293616
32,15,0.0350473,0,0,0,0,0.0982324,0.0982324
32,16,0.0686527,0,0,0,0,0.192423,0.192423
32,17,0.184755,0,0,0,0,0.517841,0.517841
32,18,-0.3158,0,0,0,0,-0.885141,-0.885141
32,19,-0.538835,0,0,0,0,-1.51027,-1.51027
32,20,-0.0649437,0,0,0,0,-0.182028,-0.182028
32,21,-0.394323,0,0,0,0,-1.10523,-1.10523
33,1,0.105984,0,0,0,0,0.297057,0.297057
33,2,-0.659799,0,0,0,0,-1.84932,-1.84932
33,3,0.260986,0,0,0,0,0.731505,0.731505
33,4,-0.0557655,0,0,0,0,-0.156302,-0.156302
33,5,-0.234734,0,0,0,0,-0.657925,-0.657925
33,6,0.686107,0,0,0,0,1.92306,1.92306
33,7,-0.218756,0,0,0,0,-0.613141,-0.613141
33,8,0.321123,0,0,0,0,0.90006,0.90006
33,9,-0.337106,0,0,0,0,-0.944858,-0.944858
33,10,-0.279012,0,0,0,0,-0.782029,-0.782029
33,11,0.140747,0,0,0,0,0.394493,0.394493
33,12,0.439547,0,0,0,0,1.23199,1.23199
33,13,-0.171984,0,0,0,0,-0.482046,-0.482046
33,14,-0.510804,0,0,0,0,-1.43171,-1.43171
33,15,0.121573,0,0,0,0,0.340751,0.340751
33,16,0.414115,0,0,0,0,1.1607,1.1607
33,17,-0.617209,0,0,0,0,-1.72995,-1.72995
33,18,0.0287283,0,0,0,0,0.0805212,0.0805212
33,19,-0.623884,0,0,0,0,-1.74865,-1.74865
33,20,0.138167,0,0,0,0,0.387262,0.387262
33,21,-0.148132,0,0,0,0,-0.415192,-0.415192
34,1,-0.107346,0,0,0,0,-0.300875,-0.300875
34,2,-0.504279,0,0,0,0,-1.41342,-1.41342
34,3,0.29047,0,0,0,0,0.814144,0.814144
34,4,-0.807113,0,0,0,0,-2.26222,-2.26222
34,5,-0.00874844,0,0,0,0,-0.0245206,-0.0245206
34,6,-0.909505,0,0,0,0,-2.54921,-2.54921
34,7,0.105688,0,0,0,0,0.296228,0.296228
34,8,0.219802,0,0,0,0,0.616072,0.616072
34,9,-0.383443,0,0,0,0,-1.07473,-1.07473
34,10,0.187688,0,0,0,0,0.526062,0.526062
34,11,0.843767,0,0,0,0,2.36495,2.36495
34,12,0.276188,0,0,0,0,0.774114,0.774114
34,13,-0.295192,0,0,0,0,-0.827379,-0.827379
34,14,-0.0895343,0,0,0,0,-0.250951,-0.250951
34,15,-0.403726,0,0,0,0,-1.13158,-1.13158
34,16,0.185787,0,0,0,0,0.520733,0.520733
34,17,0.234557,0,0,0,0,0.657428,0.657428
34,18,-0.125373,0,0,0,0,-0.351402,-0.351402
34,19,-0.505355,0,0,0,0,-1.41644,-1.41644
34,20,-0.0277749,0,0,0,0,-0.0778489,-0.0778489
34,21,0.224224,0,0,0,0,0.628467,0.628467
35,1,-0.31783,0,0,0,0,-0.89083,-0.89083
35,2,0.140277,0,0,0,0,0.393176,0.393176
35,3,-0.0530579,0,0,0,0,-0.148713,-0.148713
35,4,-0.341744,0,0,0,0,-0.957858,-0.957858
35,5,-0.28247,0,0,0,0,-0.791722,-0.791722
35,6,-0.552706,0,0,0,0,-1.54915,-1.54915
35,7,-0.0690713,0,0,0,0,-0.193597,-0.193597
35,8,-0.44576,0,0,0,0,-1.2494,-1.2494
35,9,0.521261,0,0,0,0,1.46102,1.46102
35,10,0.184776,0,0,0,0,0.5179,0.5179
35,11,0.544484,0,0,0,0,1.52611,1.52611
35,12,0.0275734,0,0,0,0,0.0772842,0.0772842
35,13,0.0545669,0,0,0,0,0.152943,0.152943
35,14,0.541857,0,0,0,0,1.51874,1.51874
35,15,0.46444,0,0,0,0,1.30176,1.30176
35,16,-0.440097,0,0,0,0,-1.23353,-1.23353
35,17,-0.613131,0,0,0,0,-1.71852,-1.71852
35,18,0.0890851,0,0,0,0,0.249692,0.249692
35,19,-0.101903,0,0,0,0,-0.285619,-0.285619
35,20,-0.101219,0,0,0,0,-0.283702,-0.283702
35,21,-0.160812,0,0,0,0,-0.450732,-0.450732
36,1,-0.349467,0,0,0,0,-0.979504,-0.979504
36,2,-0.0845232,0,0,0,0,-0.236906,-0.236906
36,3,0.162808,0,0,0,0,0.456327,0.456327
36,4,-0.464972,0,0,0,0,-1.30325,-1.30325
36,5,-0.300941,0,0,0,0,-0.843493,-0.843493
36,6,-0.388301,0,0,0,0,-1.08835,-1.08835
36,7,0.384258,0,0,0,0,1.07702,1.07702
36,8,-0.384803,0,0,0,0,-1.07855,-1.07855
36,9,0.365945,0,0,0,0,1.02569,1.02569
36,10,-0.326204,0,0,0,0,-0.914301,-0.914301
36,11,-0.300987,0,0,0,0,-0.843622,-0.843622
36,12,0.355362,0,0,0,0,0.996027,0.996027
36,13,0.583716,0,0,0,0,1.63607,1.63607
36,14,-0.0954825,0,0,0,0,-0.267623,-0.267623
36,15,0.161853,0,0,0,0,0.45365,0.45365
36,16,0.456804,0,0,0,0,1.28035,1.28035
36,17,-0.0870838,0,0,0,0,-0.244083,-0.244083
36,18,0.433141,0,0,0,0,1.21403,1.21403
36,19,-0.619063,0,0,0,0,-1.73514,-1.73514
36,20,-0.229577,0,0,0,0,-0.64347,-0.64347
36,21,-0.268945,0,0,0,0,-0.753813,-0.753813
37,1,0.28861,0,0,0,0,0.808931,0.808931
37,2,0.112062,0,0,0,0,0.314093,0.314093
37,3,-0.289447,0,0,0,0,-0.811277,-0.811277
37,4,-0.1996,0,0,0,0,-0.559449,-0.559449
37,5,0.122719,0,0,0,0,0.343963,0.343963
37,6,-0.0725902,0,0,0,0,-0.20346,-0.20346
37,7,0.485415,0,0,0,0,1.36055,1.36055
37,8,0.0308543,0,0,0,0,0.08648,0.08648
37,9,-0.162519,0,0,0,0,-0.455517,-0.455517
37,10,0.0595464,0,0,0,0,0.1669,0.1669
37,11,0.17561,0,0,0,0,0.492209,0.492209
37,12,-0.126583,0,0,0,0,-0.354793,-0.354793
37,13,-0.137802,0,0,0,0,-0.386239,-0.386239
37,14,0.219466,0,0,0,0,0.615131,0.615131
37,15,0.365943,0,0,0,0,1.02568,1.02568
37,16,0.0060711,0,0,0,0,0.0170164,0.0170164
37,17,0.174542,0,0,0,0,0.489215,0.489215
37,18,0.171272,0,0,0,0,0.48005,0.48005
37,19,0.07531,0,0,0,0,0.211083,0.211083
37,20,0.12258,0,0,0,0,0.343574,0.343574
37,21,0.0849759,0,0,0,0,0.238175,0.238175
38,1,0.172799,0,0,0,0,0.48433,0.48433
38,2,-0.0387767,0,0,0,0,-0.108685,-0.108685
38,3,0.446492,0,0,0,0,1.25145,1.25145
38,4,0.358623,0,0,0,0,1.00517,1.00517
38,5,-0.0140479,0,0,0,0,-0.0393742,-0.0393742
38,6,-0.353756,0,0,0,0,-0.991526,-0.991526
38,7,-0.266416,0,0,0,0,-0.746725,-0.746725
38,8,-0.167356,0,0,0,0,-0.469074,-0.469074
38,9,-0.138037,0,0,0,0,-0.386897,-0.386897
38,10,0.311656,0,0,0,0,0.873526,0.873526
38,11,-0.928303,0,0,0,0,-2.6019,-2.6019
38,12,-0.0932234,0,0,0,0,-0.261291,-0.261291
38,13,0.31696,0,0,0,0,0.888392,0.888392
38,14,0.42844,0,0,0,0,1.20085,1.20085
38,15,0.0572966,0,0,0,0,0.160594,0.160594
38,16,-0.20069,0,0,0,0,-0.562504,-0.562504
38,17,0.740197,0,0,0,0,2.07466,2.07466
38,18,0.144317,0,0,0,0,0.404499,0.404499
38,19,0.331106,0,0,0,0,0.928041,0.928041
38,20,0.281238,0,0,0,0,0.788268,0.788268
38,21,0.0689385,0,0,0,0,0.193224,0.193224
39,1,0.0593461,0,0,0,0,0.166338,0.166338
39,2,0.163309,0,0,0,0,0.457731,0.457731
39,3,0.272907,0,0,0,0,0.764918,0.764918
39,4,0.509361,0,0,0,0,1.42766,1.42766
39,5,-0.329546,0,0,0,0,-0.923669,-0.923669
39,6,-0.111326,0,0,0,0,-0.31203,-0.31203
39,7,0.08558,0,0,0,0,0.239868,0.239868
39,8,-0.374625,0,0,0,0,-1.05002,-1.05002
39,9,-0.239614,0,0,0,0,-0.671603,-0.671603
39,10,0.189639,0,0,0,0,0.53153,0.53153
39,11,-0.199848,0,0,0,0,-0.560144,-0.560144
39,12,0.483743,0,0,0,0,1.35586,1.35586
39,13,0.151492,0,0,0,0,0.42461,0.42461
39,14,-0.304211,0,0,0,0,-0.852658,-0.852658
39,15,0.502865,0,0,0,0,1.40946,1.40946
39,16,0.279921,0,0,0,0,0.784577,0.784577
39,17,-0.636525,0,0,0,0,-1.78409,-1.78409
39,18,-0.339511,0,0,0,0,-0.951599,-0.951599
39,19,-0.953846,0,0,0,0,-2.67349,-2.67349
39,20,-0.331771,0,0,0,0,-0.929905,-0.929905
39,21,0.251405,0,0,0,0,0.704651,0.704651
40,1,0.258029,0,0,0,0,0.723217,0.723217
40,2,0.806566,0,0,0,0,2.26068,2.26068
40,3,0.0714143,0,0,0,0,0.200164,0.200164
40,4,0.689694,0,0,0,0,1.93311,1.93311
40,5,-0.0731128,0,0,0,0,-0.204924,-0.204924
40,6,-0.492474,0,0,0,0,-1.38033,-1.38033
40,7,0.0528844,0,0,0,0,0.148227,0.148227
40,8,0.185822,0,0,0,0,0.520832,0.520832
40,9,-0.132008,0,0,0,0,-0.369999,-0.369999
40,10,0.030306,0,0,0,0,0.0849432,0.0849432
40,11,-0.0325124,0,0,0,0,-0.0911274,-0.0911274
40,12,0.164855,0,0,0,0,0.462064,0.462064
40,13,0.135635,0,0,0,0,0.380165,0.380165
40,14,-0.10506,0,0,0,0,-0.294468,-0.294468
40,15,-0.6984,0,0,0,0,-1.95751,-1.95751
40,16,-0.351835,0,0,0,0,-0.986141,-0.986141
40,17,-0.393686,0,0,0,0,-1.10344,-1.10344
40,18,-0.0730431,0,0,0,0,-0.204729,-0.204729
40,19,-0.0555139,0,0,0,0,-0.155597,-0.155597
40,20,0.136017,0,0,0,0,0.381235,0.381235
40,21,0.138274,0,0,0,0,0.387562,0.387562
41,1,0.299634,0,0,0,0,0.83983,0.83983
41,2,0.0882107,0,0,0,0,0.247242,0.247242
41,3,0.125583,0,0,0,0,0.351991,0.351991
41,4,0.02368,0,0,0,0,0.0663715,0.0663715
41,5,-0.270792,0,0,0,0,-0.75899,-0.75899
41,6,-0.13976,0,0,0,0,-0.391727,-0.391727
41,7,-0.497397,0,0,0,0,-1.39413,-1.39413
41,8,0.271129,0,0,0,0,0.759934,0.759934
41,9,0.026008,0,0,0,0,0.0728966,0.0728966
41,10,0.0869274,0,0,0,0,0.243645,0.243645
41,11,0.084928,0,0,0,0,0.238041,0.238041
41,12,-0.633184,0,0,0,0,-1.77472,-1.77472
41,13,-0.244723,0,0,0,0,-0.685922,-0.685922
41,14,-0.483466,0,0,0,0,-1.35508,-1.35508
41,15,0.468909,0,0,0,0,1.31428,1.31428
41,16,0.228588,0,0,0,0,0.640698,0.640698
41,17,0.481341,0,0,0,0,1.34913,1.34913
41,18,0.0487758,0,0,0,0,0.136711,0.136711
41,19,-0.250464,0,0,0,0,-0.702013,-0.702013
41,20,0.0163788,0,0,0,0,0.0459073,0.0459073
41,21,0.163443,0,0,0,0,0.458106,0.458106
42,1,-0.559374,0,0,0,0,-1.56784,-1.56784
42,2,-0.510657,0,0,0,0,-1.4313,-1.4313
42,3,-0.225082,0,0,0,0,-0.630871,-0.630871
42,4,-0.781106,0,0,0,0,-2.18932,-2.18932
42,5,0.0592712,0,0,0,0,0.166128,0.166128
42,6,0.0506489,0,0,0,0,0.141961,0.141961
42,7,0.302022,0,0,0,0,0.846523,0.846523
42,8,-0.0819299,0,0,0,0,-0.229637,-0.229637
42,9,-0.425854,0,0,0,0,-1.19361,-1.19361
42,10,-0.790916,0,0,0,0,-2.21682,-2.21682
42,11,0.408597,0,0,0,0,1.14524,1.14524
42,12,0.0601574,0,0,0,0,0.168612,0.168612
42,13,-0.155604,0,0,0,0,-0.436135,-0.436135
42,14,-0.00737778,0,0,0,0,-0.0206788,-0.0206788
42,15,0.434552,0,0,0,0,1.21798,1.21798
42,16,-0.0103819,0,0,0,0,-0.0290989,-0.0290989
42,17,-0.561919,0,0,0,0,-1.57498,-1.57498
42,18,0.154474,0,0,0,0,0.432968,0.432968
42,19,0.268902,0,0,0,0,0.753692,0.753692
42,20,0.330392,0,0,0,0,0.92604,0.92604
42,21,-0.159039,0,0,0,0,-0.445763,-0.445763
43,1,-0.0456027,0,0,0,0,-0.127818,-0.127818
43,2,-0.179671,0,0,0,0,-0.503591,-0.503591
43,3,0.479678,0,0,0,0,1.34447,1.34447
43,4,0.57586,0,0,0,0,1.61405,1.61405
43,5,0.851533,0,0,0,0,2.38672,2.38672
43,6,-0.325706,0,0,0,0,-0.912906,-0.912906
43,7,-0.147841,0,0,0,0,-0.414376,-0.414376
43,8,-0.507042,0,0,0,0,-1.42116,-1.42116
43,9,0.393022,0,0,0,0,1.10158,1.10158
43,10,-0.260003,0,0,0,0,-0.72875,-0.72875
43,11,0.223295,0,0,0,0,0.625863,0.625863
43,12,0.0232982,0,0,0,0,0.0653014,0.0653014
43,13,0.913031,0,0,0,0,2.55909,2.55909
43,14,0.339376,0,0,0,0,0.951221,0.951221
43,15,-0.228651,0,0,0,0,-0.640875,-0.640875
43,16,0.0108399,0,0,0,0,0.0303826,0.0303826
43,17,-0.134353,0,0,0,0,-0.376572,-0.376572
43,18,-0.0505933,0,0,0,0,-0.141806,-0.141806
43,19,0.375653,0,0,0,0,1.0529,1.0529
43,20,-0.176776,0,0,0,0,-0.495477,-0.495477
43,21,-0.212712,0,0,0,0,-0.5962,-0.5962
44,1,0.258413,0,0,0,0,0.724293,0.724293
44,2,0.172041,0,0,0,0,0.482205,0.482205
44,3,-1.0594,0,0,0,0,-2.96934,-2.96934
44,4,0.118664,0,0,0,0,0.332598,0.332598
44,5,-0.364915,0,0,0,0,-1.0228,-1.0228
44,6,-0.147467,0,0,0,0,-0.413328,-0.413328
44,7,-0.288903,0,0,0,0,-0.809752,-0.809752
44,8,0.106181,0,0,0,0,0.29761,0.29761
44,9,-0.160598,0,0,0,0,-0.450132,-0.450132
44,10,0.126892,0,0,0,0,0.355659,0.355659
44,11,-0.543717,0,0,0,0,-1.52396,-1.52396
44,12,0.51819,0,0,0,0,1.45241,1.45241
44,13,0.815856,0,0,0,0,2.28672,2.28672
44,14,0.147082,0,0,0,0,0.412249,0.412249
44,15,-0.164186,0,0,0,0,-0.460189,-0.460189
44,16,-0.043184,0,0,0,0,-0.121038,-0.121038
44,17,0.281114,0,0,0,0,0.787921,0.787921
44,18,0.0474401,0,0,0,0,0.132968,0.132968
44,19,-0.257461,0,0,0,0,-0.721625,-0.721625
44,20,-0.47074,0,0,0,0,-1.31941,-1.31941
44,21,0.725432,0,0,0,0,2.03328,2.03328
45,1,0.521498,0,0,0,0,1.46168,1.46168
45,2,-0.645195,0,0,0,0,-1.80839,-1.80839
45,3,0.563147,0,0,0,0,1.57842,1.57842
45,4,0.341824,0,0,0,0,0.958082,0.958082
45,5,-0.0957158,0,0,0,0,-0.268277,-0.268277
45,6,0.33624,0,0,0,0,0.942431,0.942431
45,7,-0.770044,0,0,0,0,-2.15832,-2.15832
45,8,-0.247474,0,0,0,0,-0.693633,-0.693633
45,9,0.415383,0,0,0,0,1.16426,1.16426
45,10,0.360568,0,0,0,0,1.01062,1.01062
45,11,-0.115639,0,0,0,0,-0.324119,-0.324119
45,12,0.461346,0,0,0,0,1.29308,1.29308
45,13,0.16915,0,0,0,0,0.474102,0.474102
45,14,0.188931,0,0,0,0,0.529546,0.529546
45,15,-0.299068,0,0,0,0,-0.838243,-0.838243
45,16,0.389292,0,0,0,0,1.09113,1.09113
45,17,0.30924,0,0,0,0,0.866754,0.866754
45,18,-0.586222,0,0,0,0,-1.64309,-1.64309
45,19,-0.1833,0,0,0,0,-0.513763,-0.513763
45,20,-0.0476235,0,0,0,0,-0.133482,-0.133482
45,21,0.0188713,0,0,0,0,0.0528935,0.0528935
46,1,-0.451921,0,0,0,0,-1.26667,-1.26667
46,2,0.219722,0,0,0,0,0.615848,0.615848
46,3,-0.329846,0,0,0,0,-0.924509,-0.924509
46,4,-0.249375,0,0,0,0,-0.698961,-0.698961
46,5,0.167785,0,0,0,0,0.470276,0.470276
46,6,-0.1477,0,0,0,0,-0.413981,-0.413981
46,7,-0.127382,0,0,0,0,-0.357033,-0.357033
46,8,0.545822,0,0,0,0,1.52986,1.52986
46,9,0.013718,0,0,0,0,0.0384495,0.0384495
46,10,0.110822,0,0,0,0,0.310618,0.310618
46,11,0.615978,0,0,0,0,1.72649,1.72649
46,12,0.0950886,0,0,0,0,0.266519,0.266519
46,13,-0.165042,0,0,0,0,-0.462588,-0.462588
46,14,-0.0346134,0,0,0,0,-0.0970162,-0.0970162
46,15,0.660312,0,0,0,0,1.85076,1.85076
46,16,-0.597891,0,0,0,0,-1.6758,-1.6758
46,17,0.295806,0,0,0,0,0.8291,0.8291
46,18,0.0206423,0,0,0,0,0.0578573,0.0578573
46,19,-0.517634,0,0,0,0,-1.45085,-1.45085
46,20,0.800179,0,0,0,0,2.24278,2.24278
46,21,0.462531,0,0,0,0,1.29641,1.29641
47,1,0.379402,0,0,0,0,1.06341,1.06341
47,2,0.489677,0,0,0,0,1.37249,1.37249
47,3,-0.029712,0,0,0,0,-0.0832783,-0.0832783
47,4,-0.0659488,0,0,0,0,-0.184845,-0.184845
47,5,0.224895,0,0,0,0,0.630347,0.630347
47,6,-0.129428,0,0,0,0,-0.362767,-0.362767
47,7,-0.125809,0,0,0,0,-0.352624,-0.352624
47,8,-0.208732,0,0,0,0,-0.585045,-0.585045
47,9,-0.351423,0,0,0,0,-0.984987,-0.984987
47,10,-0.154677,0,0,0,0,-0.433537,-0.433537
47,11,-0.214651,0,0,0,0,-0.601635,-0.601635
47,12,-0.396967,0,0,0,0,-1.11264,-1.11264
47,13,-0.320636,0,0,0,0,-0.898695,-0.898695
47,14,-0.213201,0,0,0,0,-0.597571,-0.597571
47,15,-0.207336,0,0,0,0,-0.581132,-0.581132
47,16,-0.433574,0,0,0,0,-1.21524,-1.21524
47,17,0.0356242,0,0,0,0,0.0998493,0.0998493
47,18,0.521282,0,0,0,0,1.46108,1.46108
47,19,-0.0844776,0,0,0,0,-0.236778,-0.236778
47,20,-0.912907,0,0,0,0,-2.55874,-2.55874
47,21,0.290519,0,0,0,0,0.814282,0.814282
48,1,-0.44938,0,0,0,0,-1.25955,-1.25955
48,2,0.140831,0,0,0,0,0.394728,0.394728
48,3,0.389089,0,0,0,0,1.09056,1.09056
48,4,-0.0838184,0,0,0,0,-0.234931,-0.234931
48,5,-0.721966,0,0,0,0,-2.02356,-2.02356
48,6,-0.0929371,0,0,0,0,-0.260489,-0.260489
48,7,-0.079845,0,0,0,0,-0.223794,-0.223794
48,8,0.0688827,0,0,0,0,0.193068,0.193068
48,9,0.0036978,0,0,0,0,0.0103644,0.0103644
48,10,0.19571,0,0,0,0,0.548546,0.548546
48,11,-0.00367939,0,0,0,0,-0.0103128,-0.0103128
48,12,-0.220622,0,0,0,0,-0.618371,-0.618371
48,13,-0.34595,0,0,0,0,-0.969647,-0.969647
48,14,0.0910074,0,0,0,0,0.25508,0.25508
48,15,0.615147,0,0,0,0,1.72417,1.72417
48,16,-0.188644,0,0,0,0,-0.528741,-0.528741
48,17,0.123139,0,0,0,0,0.34514,0.34514
48,18,0.467163,0,0,0,0,1.30939,1.30939
48,19,-0.308616,0,0,0,0,-0.865005,-0.865005
48,20,-0.435804,0,0,0,0,-1.22149,-1.22149
48,21,-0.242425,0,0,0,0,-0.679481,-0.679481
49,1,-0.0163084,0,0,0,0,-0.04571,-0.04571
49,2,-0.139111,0,0,0,0,-0.389908,-0.389908
49,3,0.171797,0,0,0,0,0.481522,0.481522
49,4,-0.219484,0,0,0,0,-0.615181,-0.615181
49,5,-0.219074,0,0,0,0,-0.614032,-0.614032
49,6,-0.412327,0,0,0,0,-1.15569,-1.15569
49,7,-0.527529,0,0,0,0,-1.47859,-1.47859
49,8,-0.492979,0,0,0,0,-1.38175,-1.38175
49,9,0.295807,0,0,0,0,0.829103,0.829103
49,10,0.162222,0,0,0,0,0.454684,0.454684
49,11,-0.109056,0,0,0,0,-0.305668,-0.305668
49,12,-0.354502,0,0,0,0,-0.993617,-0.993617
49,13,-0.772529,0,0,0,0,-2.16528,-2.16528
49,14,-0.221423,0,0,0,0,-0.620616,-0.620616
49,15,-0.312325,0,0,0,0,-0.875401,-0.875401
49,16,-0.124077,0,0,0,0,-0.347769,-0.347769
49,17,-0.197153,0,0,0,0,-0.552591,-0.552591
49,18,-0.289925,0,0,0,0,-0.812617,-0.812617
49,19,0.0380475,0,0,0,0,0.106641,0.106641
49,20,0.10327,0,0,0,0,0.28945,0.28945
49,21,-0.555966,0,0,0,0,-1.55829,-1.55829
50,1,0.210274,0,0,0,0,0.589367,0.589367
50,2,-0.244346,0,0,0,0,-0.684866,-0.684866
50,3,-0.169375,0,0,0,0,-0.474733,-0.474733
50,4,0.129582,0,0,0,0,0.363199,0.363199
50,5,-0.301449,0,0,0,0,-0.844917,-0.844917
50,6,0.107716,0,0,0,0,0.301912,0.301912
50,7,0.136343,0,0,0,0,0.382149,0.382149
50,8,-0.127008,0,0,0,0,-0.355985,-0.355985
50,9,-0.793068,0,0,0,0,-2.22285,-2.22285
50,10,0.388521,0,0,0,0,1.08897,1.08897
50,11,-0.456436,0,0,0,0,-1.27932,-1.27932
50,12,-0.231654,0,0,0,0,-0.649292,-0.649292
50,13,0.214938,0,0,0,0,0.602439,0.602439
50,14,-0.4899,0,0,0,0,-1.37312,-1.37312
50,15,0.413804,0,0,0,0,1.15983,1.15983
50,16,0.224971,0,0,0,0,0.63056,0.63056
50,17,0.582886,0,0,0,0,1.63374,1.63374
50,18,0.238958,0,0,0,0,0.669764,0.669764
50,19,0.155454,0,0,0,0,0.435715,0.435715
50,20,0.202836,0,0,0,0,0.568519,0.568519
50,21,-0.0112626,0,0,0,0,-0.0315674,-0.0315674
51,1,0.450754,0,0,0,0,1.2634,1.2634
51,2,-0.0637405,0,0,0,0,-0.178655,-0.178655
51,3,-0.029061,0,0,0,0,-0.0814537,-0.0814537
51,4,0.839606,0,0,0,0,2.35329,2.35329
51,5,0.468367,0,0,0,0,1.31276,1.31276
51,6,-0.506974,0,0,0,0,-1.42097,-1.42097
51,7,-0.38151,0,0,0,0,-1.06932,-1.06932
51,8,-0.376711,0,0,0,0,-1.05587,-1.05587
51,9,0.185541,0,0,0,0,0.520044,0.520044
51,10,0.216211,0,0,0,0,0.606007,0.606007
51,11,0.325381,0,0,0,0,0.911995,0.911995
51,12,0.431752,0,0,0,0,1.21014,1.21014
51,13,-0.0466388,0,0,0,0,-0.130722,-0.130722
51,14,0.179104,0,0,0,0,0.502002,0.502002
51,15,0.110287,0,0,0,0,0.309118,0.309118
51,16,-0.439229,0,0,0,0,-1.23109,-1.23109
51,17,-0.0407148,0,0,0,0,-0.114118,-0.114118
51,18,0.655892,0,0,0,0,1.83837,1.83837
51,19,-0.213661,0,0,0,0,-0.59886,-0.59886
51,20,-0.905429,0,0,0,0,-2.53778,-2.53778
51,21,0.375056,0,0,0,0,1.05123,1.05123
52,1,0.0514138,0,0,0,0,0.144105,0.144105
52,2,-0.967204,0,0,0,0,-2.71093,-2.71093
52,3,0.335798,0,0,0,0,0.941192,0.941192
52,4,0.00981132,0,0,0,0,0.0274997,0.0274997
52,5,-0.140493,0,0,0,0,-0.393781,-0.393781
52,6,0.136172,0,0,0,0,0.38167,0.38167
52,7,0.139964,0,0,0,0,0.392298,0.392298
52,8,0.565719,0,0,0,0,1.58563,1.58563
52,9,-0.464353,0,0,0,0,-1.30151,-1.30151
52,10,-0.428037,0,0,0,0,-1.19972,-1.19972
52,11,0.200925,0,0,0,0,0.563163,0.563163
52,12,0.268376,0,0,0,0,0.752218,0.752218
52,13,0.214149,0,0,0,0,0.600228,0.600228
52,14,-0.411078,0,0,0,0,-1.15219,-1.15219
52,15,0.872012,0,0,0,0,2.44412,2.44412
52,16,0.103577,0,0,0,0,0.290311,0.290311
52,17,-0.447665,0,0,0,0,-1.25474,-1.25474
52,18,-0.437435,0,0,0,0,-1.22607,-1.22607
52,19,-0.041344,0,0,0,0,-0.115881,-0.115881
52,20,-0.260877,0,0,0,0,-0.7312,-0.7312
52,21,0.0968742,0,0,0,0,0.271524,0.271524
53,1,0.303499,0,0,0,0,0.850663,0.850663
53,2,-0.37791,0,0,0,0,-1.05923,-1.05923
53,3,0.540915,0,0,0,0,1.5161,1.5161
53,4,0.54932,0,0,0,0,1.53966,1.53966
53,5,0.167682,0,0,0,0,0.469988,0.469988
53,6,-0.556394,0,0,0,0,-1.55949,-1.55949
53,7,-0.322515,0,0,0,0,-0.903962,-0.903962
53,8,0.231366,0,0,0,0,0.648485,0.648485
53,9,-0.0162354,0,0,0,0,-0.0455054,-0.0455054
53,10,-0.149583,0,0,0,0,-0.419259,-0.419259
53,11,0.280886,0,0,0,0,0.787282,0.787282
53,12,-0.0253226,0,0,0,0,-0.0709755,-0.0709755
53,13,-0.191193,0,0,0,0,-0.535886,-0.535886
53,14,0.112066,0,0,0,0,0.314104,0.314104
53,15,0.67625,0,0,0,0,1.89543,1.89543
53,16,-0.317875,0,0,0,0,-0.890956,-0.890956
53,17,0.270978,0,0,0,0,0.759511,0.759511
53,18,-0.322826,0,0,0,0,-0.904833,-0.904833
53,19,0.825911,0,0,0,0,2.31491,2.31491
53,20,0.101194,0,0,0,0,0.283632,0.283632
53,21,0.1953,0,0,0,0,0.547397,0.547397
54,1,-0.541722,0,0,0,0,-1.51837,-1.51837
54,2,0.103096,0,0,0,0,0.288963,0.288963
54,3,-0.079045,0,0,0,0,-0.221551,-0.221551
54,4,0.0831624,0,0,0,0,0.233092,0.233092
54,5,-0.0156589,0,0,0,0,-0.0438896,-0.0438896
54,6,0.608783,0,0,0,0,1.70633,1.70633
54,7,0.342848,0,0,0,0,0.960952,0.960952
54,8,-0.350839,0,0,0,0,-0.98335,-0.98335
54,9,0.44753,0,0,0,0,1.25436,1.25436
54,10,-0.233965,0,0,0,0,-0.655769,-0.655769
54,11,-0.158958,0,0,0,0,-0.445536,-0.445536
54,12,-0.17781,0,0,0,0,-0.498375,-0.498375
54,13,-0.49755,0,0,0,0,-1.39456,-1.39456
54,14,-0.331455,0,0,0,0,-0.929019,-0.929019
54,15,0.466298,0,0,0,0,1.30696,1.30696
54,16,-0.0891324,0,0,0,0,-0.249825,-0.249825
54,17,-0.27003,0,0,0,0,-0.756854,-0.756854
54,18,0.571775,0,0,0,0,1.6026,1.6026
54,19,-0.120109,0,0,0,0,-0.336648,-0.336648
54,20,0.120278,0,0,0,0,0.337121,0.337121
54,21,0.401805,0,0,0,0,1.1262,1.1262
55,1,-0.209427,0,0,0,0,-0.586993,-0.586993
55,2,-0.238331,0,0,0,0,-0.668006,-0.668006
55,3,-0.0905365,0,0,0,0,-0.25376,-0.25376
55,4,-0.167394,0,0,0,0,-0.469181,-0.469181
55,5,0.333596,0,0,0,0,0.93502,0.93502
55,6,0.47298,0,0,0,0,1.32569,1.32569
55,7,0.275667,0,0,0,0,0.772654,0.772654
55,8,-0.0884851,0,0,0,0,-0.248011,-0.248011
55,9,-0.308181,0,0,0,0,-0.863786,-0.863786
55,10,0.0772422,0,0,0,0,0.216498,0.216498
55,11,0.101661,0,0,0,0,0.284941,0.284941
55,12,-0.468114,0,0,0,0,-1.31205,-1.31205
55,13,-0.0978018,0,0,0,0,-0.274124,-0.274124
55,14,-0.116679,0,0,0,0,-0.327034,-0.327034
55,15,-0.180236,0,0,0,0,-0.505175,-0.505175
55,16,-0.0711856,0,0,0,0,-0.199523,-0.199523
55,17,0.195823,0,0,0,0,0.548863,0.548863
55,18,-0.177594,0,0,0,0,-0.49777,-0.49777
55,19,0.353698,0,0,0,0,0.991363,0.991363
55,20,-0.340771,0,0,0,0,-0.955131,-0.955131
55,21,-0.314667,0,0,0,0,-0.881965,-0.881965
56,1,0.261688,0,0,0,0,0.733473,0.733473
56,2,0.255348,0,0,0,0,0.715703,0.715703
56,3,0.534202,0,0,0,0,1.49729,1.49729
56,4,-0.0630469,0,0,0,0,-0.176711,-0.176711
56,5,0.0233797,0,0,0,0,0.0655298,0.0655298
56,6,0.0636036,0,0,0,0,0.178271,0.178271
56,7,0.0956886,0,0,0,0,0.268201,0.268201
56,8,-0.204234,0,0,0,0,-0.572438,-0.572438
56,9,-0.098347,0,0,0,0,-0.275652,-0.275652
56,10,0.170939,0,0,0,0,0.479117,0.479117
56,11,0.854334,0,0,0,0,2.39457,2.39457
56,12,0.0143359,0,0,0,0,0.0401814,0.0401814
56,13,0.184384,0,0,0,0,0.516801,0.516801
56,14,0.00636369,0,0,0,0,0.0178365,0.0178365
56,15,0.062617,0,0,0,0,0.175506,0.175506
56,16,-0.0908706,0,0,0,0,-0.254697,-0.254697
56,17,-0.528262,0,0,0,0,-1.48064,-1.48064
56,18,-0.36219,0,0,0,0,-1.01516,-1.01516
56,19,-0.447059,0,0,0,0,-1.25304,-1.25304
56,20,0.220042,0,0,0,0,0.616745,0.616745
56,21,-0.386415,0,0,0,0,-1.08306,-1.08306
57,1,0.101967,0,0,0,0,0.285798,0.285798
57,2,0.332456,0,0,0,0,0.931825,0.931825
57,3,-0.0868606,0,0,0,0,-0.243457,-0.243457
57,4,0.603916,0,0,0,0,1.69269,1.69269
57,5,-1.05462,0,0,0,0,-2.95594,-2.95594
57,6,-0.214848,0,0,0,0,-0.602187,-0.602187
57,7,0.257331,0,0,0,0,0.721261,0.721261
57,8,-0.382123,0,0,0,0,-1.07103,-1.07103
57,9,0.136588,0,0,0,0,0.382836,0.382836
57,10,0.110811,0,0,0,0,0.310587,0.310587
57,11,-0.104627,0,0,0,0,-0.293254,-0.293254
57,12,0.651843,0,0,0,0,1.82702,1.82702
57,13,-0.344204,0,0,0,0,-0.964753,-0.964753
57,14,0.15025,0,0,0,0,0.421128,0.421128
57,15,-0.0671432,0,0,0,0,-0.188192,-0.188192
57,16,-0.433442,0,0,0,0,-1.21487,-1.21487
57,17,-0.151553,0,0,0,0,-0.424781,-0.424781
57,18,0.596446,0,0,0,0,1.67175,1.67175
57,19,0.143853,0,0,0,0,0.403199,0.403199
57,20,0.545768,0,0,0,0,1.52971,1.52971
57,21,-0.120423,0,0,0,0,-0.337528,-0.337528
58,1,-0.126354,0,0,0,0,-0.354152,-0.354152
58,2,0.662325,0,0,0,0,1.8564,1.8564
58,3,0.119118,0,0,0,0,0.33387,0.33387
58,4,-0.63115,0,0,0,0,-1.76902,-1.76902
58,5,-0.43522,0,0,0,0,-1.21986,-1.21986
58,6,-0.229167,0,0,0,0,-0.642321,-0.642321
58,7,-0.615693,0,0,0,0,-1.7257,-1.7257
58,8,0.0838577,0,0,0,0,0.235041,0.235041
58,9,0.62597,0,0,0,0,1.7545,1.7545
58,10,-0.452027,0,0,0,0,-1.26696,-1.26696
58,11,-0.154092,0,0,0,0,-0.431897,-0.431897
58,12,-0.184883,0,0,0,0,-0.5182,-0.5182
58,13,-0.122061,0,0,0,0,-0.342119,-0.342119
58,14,-0.367896,0,0,0,0,-1.03116,-1.03116
58,15,0.0928523,0,0,0,0,0.260251,0.260251
58,16,0.126119,0,0,0,0,0.353493,0.353493
58,17,0.262016,0,0,0,0,0.734392,0.734392
58,18,-0.112439,0,0,0,0,-0.31515,-0.31515
58,19,0.0223789,0,0,0,0,0.0627247,0.0627247
58,20,0.121172,0,0,0,0,0.339627,0.339627
58,21,-0.320075,0,0,0,0,-0.897123,-0.897123
59,1,-0.121204,0,0,0,0,-0.339717,-0.339717
59,2,0.0623714,0,0,0,0,0.174818,0.174818
59,3,0.509156,0,0,0,0,1.42709,1.42709
59,4,0.234882,0,0,0,0,0.658339,0.658339
59,5,0.434039,0,0,0,0,1.21655,1.21655
59,6,-0.286817,0,0,0,0,-0.803906,-0.803906
59,7,0.225854,0,0,0,0,0.633035,0.633035
59,8,0.34967,0,0,0,0,0.980073,0.980073
59,9,0.591924,0,0,0,0,1.65908,1.65908
59,10,0.289255,0,0,0,0,0.810739,0.810739
59,11,-0.154568,0,0,0,0,-0.433231,-0.433231
59,12,-0.00282245,0,0,0,0,-0.00791091,-0.00791091
59,13,0.483443,0,0,0,0,1.35502,1.35502
59,14,-0.322504,0,0,0,0,-0.903931,-0.903931
59,15,0.404864,0,0,0,0,1.13477,1.13477
59,16,-0.269903,0,0,0,0,-0.756498,-0.756498
59,17,0.312086,0,0,0,0,0.874731,0.874731
59,18,0.00969919,0,0,0,0,0.0271854,0.0271854
59,19,-0.202371,0,0,0,0,-0.567216,-0.567216
59,20,0.78955,0,0,0,0,2.21299,2.21299
59,21,0.282408,0,0,0,0,0.791548,0.791548
60,1,-0.295965,0,0,0,0,-0.829546,-0.829546
60,2,-0.107278,0,0,0,0,-0.300684,-0.300684
60,3,-0.243269,0,0,0,0,-0.681847,-0.681847
60,4,0.0453309,0,0,0,0,0.127056,0.127056
60,5,-0.470207,0,0,0,0,-1.31792,-1.31792
60,6,0.376411,0,0,0,0,1.05502,1.05502
60,7,-0.00936828,0,0,0,0,-0.0262579,-0.0262579
60,8,0.110824,0,0,0,0,0.310623,0.310623
60,9,-0.133757,0,0,0,0,-0.374901,-0.374901
60,10,0.326833,0,0,0,0,0.916064,0.916064
60,11,0.180774,0,0,0,0,0.506683,0.506683
60,12,-0.0394885,0,0,0,0,-0.11068,-0.11068
60,13,0.43816,0,0,0,0,1.2281,1.2281
60,14,-0.262141,0,0,0,0,-0.734742,-0.734742
60,15,-0.442569,0,0,0,0,-1.24046,-1.24046
60,16,0.14647,0,0,0,0,0.410534,0.410534
60,17,-0.0939385,0,0,0,0,-0.263296,-0.263296
60,18,0.046022,0,0,0,0,0.128993,0.128993
60,19,-0.462695,0,0,0,0,-1.29687,-1.29687
60,20,0.0843008,0,0,0,0,0.236283,0.236283
60,21,-0.435735,0,0,0,0,-1.2213,-1.2213
61,1,-0.0741679,0,0,0,0,-0.207882,-0.207882
61,2,0.0519482,0,0,0,0,0.145603,0.145603
61,3,-0.261225,0,0,0,0,-0.732175,-0.732175
61,4,-0.349323,0,0,0,0,-0.979101,-0.979101
61,5,0.458196,0,0,0,0,1.28426,1.28426
61,6,-0.113139,0,0,0,0,-0.317112,-0.317112
61,7,-0.57286,0,0,0,0,-1.60564,-1.60564
61,8,0.185744,0,0,0,0,0.520613,0.520613
61,9,0.104883,0,0,0,0,0.293971,0.293971
61,10,0.0332787,0,0,0,0,0.0932753,0.0932753
61,11,0.257835,0,0,0,0,0.722673,0.722673
61,12,-0.242909,0,0,0,0,-0.680838,-0.680838
61,13,-0.0353549,0,0,0,0,-0.0990945,-0.0990945
61,14,0.648118,0,0,0,0,1.81658,1.81658
61,15,0.0251224,0,0,0,0,0.0704144,0.0704144
61,16,-0.415818,0,0,0,0,-1.16548,-1.16548
61,17,-0.28057,0,0,0,0,-0.786396,-0.786396
61,18,-0.516411,0,0,0,0,-1.44742,-1.44742
61,19,-0.386232,0,0,0,0,-1.08255,-1.08255
61,20,-0.144526,0,0,0,0,-0.405085,-0.405085
61,21,-0.125737,0,0,0,0,-0.352422,-0.352422
62,1,-0.0748776,0,0,0,0,-0.209871,-0.209871
62,2,0.204042,0,0,0,0,0.571899,0.571899
62,3,-0.414703,0,0,0,0,-1.16235,-1.16235
62,4,0.0477334,0,0,0,0,0.13379,0.13379
62,5,0.224468,0,0,0,0,0.629151,0.629151
62,6,0.114564,0,0,0,0,0.321106,0.321106
62,7,0.803734,0,0,0,0,2.25275,2.25275
62,8,0.057306,0,0,0,0,0.16062,0.16062
62,9,-0.127656,0,0,0,0,-0.357801,-0.357801
62,10,-0.548264,0,0,0,0,-1.5367,-1.5367
62,11,0.0788257,0,0,0,0,0.220937,0.220937
62,12,0.0340622,0,0,0,0,0.0954713,0.0954713
62,13,-0.23118,0,0,0,0,-0.647963,-0.647963
62,14,0.179038,0,0,0,0,0.501817,0.501817
62,15,-0.449315,0,0,0,0,-1.25936,-1.25936
62,16,-0.462007,0,0,0,0,-1.29494,-1.29494
62,17,-0.100417,0,0,0,0,-0.281454,-0.281454
62,18,0.213837,0,0,0,0,0.599353,0.599353
62,19,0.22531,0,0,0,0,0.631511,0.631511
62,20,0.229734,0,0,0,0,0.64391,0.64391
62,21,-0.324684,0,0,0,0,-0.910041,-0.910041
63,1,0.374626,0,0,0,0,1.05002,1.05002
63,2,0.516481,0,0,0,0,1.44762,1.44762
63,3,-0.494217,0,0,0,0,-1.38522,-1.38522
63,4,-0.0134983,0,0,0,0,-0.0378337,-0.0378337
63,5,0.170487,0,0,0,0,0.47785,0.47785
63,6,-0.483256,0,0,0,0,-1.35449,-1.35449
63,7,-0.882985,0,0,0,0,-2.47488,-2.47488
63,8,0.400379,0,0,0,0,1.1222,1.1222
63,9,0.297129,0,0,0,0,0.832809,0.832809
63,10,-0.58948,0,0,0,0,-1.65223,-1.65223
63,11,-0.0890513,0,0,0,0,-0.249598,-0.249598
63,12,0.196024,0,0,0,0,0.549426,0.549426
63,13,0.184063,0,0,0,0,0.515901,0.515901
63,14,0.152296,0,0,0,0,0.426863,0.426863
63,15,0.313145,0,0,0,0,0.877699,0.877699
63,16,0.193929,0,0,0,0,0.543554,0.543554
63,17,-0.073776,0,0,0,0,-0.206783,-0.206783
63,18,-0.225925,0,0,0,0,-0.633234,-0.633234
63,19,-0.11376,0,0,0,0,-0.318852,-0.318852
63,20,0.0246399,0,0,0,0,0.069062,0.069062
63,21,-0.134403,0,0,0,0,-0.376712,-0.376712
64,1,-0.025028,0,0,0,0,-0.0701498,-0.0701498
64,2,0.425074,0,0,0,0,1.19142,1.19142
64,3,0.324783,0,0,0,0,0.910319,0.910319
64,4,-0.539614,0,0,0,0,-1.51246,-1.51246
64,5,0.129857,0,0,0,0,0.36397,0.36397
64,6,0.186114,0,0,0,0,0.52165,0.52165
64,7,0.200841,0,0,0,0,0.562928,0.562928
64,8,-0.0715344,0,0,0,0,-0.2005,-0.2005
64,9,0.0363254,0,0,0,0,0.101815,0.101815
64,10,-0.130277,0,0,0,0,-0.365147,-0.365147
64,11,-0.337443,0,0,0,0,-0.945803,-0.945803
64,12,0.376721,0,0,0,0,1.05589,1.05589
64,13,-0.211513,0,0,0,0,-0.59284,-0.59284
64,14,-0.151902,0,0,0,0,-0.425759,-0.425759
64,15,0.136965,0,0,0,0,0.383893,0.383893
64,16,-0.184969,0,0,0,0,-0.518441,-0.518441
64,17,-0.453342,0,0,0,0,-1.27065,-1.27065
64,18,-0.435849,0,0,0,0,-1.22162,-1.22162
64,19,-0.700903,0,0,0,0,-1.96453,-1.96453
64,20,0.047217,0,0,0,0,0.132342,0.132342
64,21,0.350553,0,0,0,0,0.982548,0.982548
65,1,0.402961,0,0,0,0,1.12944,1.12944
65,2,-0.159279,0,0,0,0,-0.446435,-0.446435
65,3,0.196171,0,0,0,0,0.549838,0.549838
65,4,0.0312702,0,0,0,0,0.0876457,0.0876457
65,5,0.0377207,0,0,0,0,0.105726,0.105726
65,6,-0.142546,0,0,0,0,-0.399535,-0.399535
65,7,-0.155921,0,0,0,0,-0.437023,-0.437023
65,8,-0.026782,0,0,0,0,-0.075066,-0.075066
65,9,-0.0942945,0,0,0,0,-0.264293,-0.264293
65,10,0.0702511,0,0,0,0,0.196903,0.196903
65,11,0.323534,0,0,0,0,0.906818,0.906818
65,12,-0.360657,0,0,0,0,-1.01087,-1.01087
65,13,-0.148123,0,0,0,0,-0.415167,-0.415167
65,14,-0.049913,0,0,0,0,-0.139899,-0.139899
65,15,-0.114159,0,0,0,0,-0.319971,-0.319971
65,16,0.538079,0,0,0,0,1.50816,1.50816
65,17,0.126565,0,0,0,0,0.354743,0.354743
65,18,0.135309,0,0,0,0,0.379251,0.379251
65,19,0.619589,0,0,0,0,1.73662,1.73662
65,20,-0.143017,0,0,0,0,-0.400855,-0.400855
65,21,-0.69846,0,0,0,0,-1.95768,-1.95768
66,1,-0.102514,0,0,0,0,-0.287332,-0.287332
66,2,0.2951,0,0,0,0,0.827122,0.827122
66,3,0.597357,0,0,0,0,1.6743,1.6743
66,4,0.0112493,0,0,0,0,0.0315301,0.0315301
66,5,-0.0971343,0,0,0,0,-0.272253,-0.272253
66,6,-0.0664513,0,0,0,0,-0.186253,-0.186253
66,7,0.242852,0,0,0,0,0.680678,0.680678
66,8,-0.993599,0,0,0,0,-2.78491,-2.78491
66,9,0.46578,0,0,0,0,1.30551,1.30551
66,10,0.168454,0,0,0,0,0.472152,0.472152
66,11,0.122664,0,0,0,0,0.343809,0.343809
66,12,-0.249116,0,0,0,0,-0.698235,-0.698235
66,13,0.0630326,0,0,0,0,0.176671,0.176671
66,14,0.162621,0,0,0,0,0.455803,0.455803
66,15,-0.57437,0,0,0,0,-1.60987,-1.60987
66,16,0.134614,0,0,0,0,0.377303,0.377303
66,17,0.462375,0,0,0,0,1.29597,1.29597
66,18,0.164637,0,0,0,0,0.461453,0.461453
66,19,0.246651,0,0,0,0,0.691326,0.691326
66,20,-0.320205,0,0,0,0,-0.897487,-0.897487
66,21,0.1282,0,0,0,0,0.359326,0.359326
67,1,-0.37879,0,0,0,0,-1.06169,-1.06169
67,2,-0.210627,0,0,0,0,-0.590356,-0.590356
67,3,0.224349,0,0,0,0,0.628817,0.628817
67,4,0.582436,0,0,0,0,1.63248,1.63248
67,5,-0.25853,0,0,0,0,-0.724621,-0.724621
67,6,0.112164,0,0,0,0,0.314379,0.314379
67,7,-0.287764,0,0,0,0,-0.80656,-0.80656
67,8,-0.669618,0,0,0,0,-1.87684,-1.87684
67,9,0.137447,0,0,0,0,0.385244,0.385244
67,10,0.0971775,0,0,0,0,0.272374,0.272374
67,11,0.714626,0,0,0,0,2.00299,2.00299
67,12,0.130512,0,0,0,0,0.365806,0.365806
67,13,0.290802,0,0,0,0,0.815075,0.815075
67,14,0.318143,0,0,0,0,0.891708,0.891708
67,15,-0.10228,0,0,0,0,-0.286676,-0.286676
67,16,-0.316033,0,0,0,0,-0.885794,-0.885794
67,17,-0.396771,0,0,0,0,-1.11209,-1.11209
67,18,-0.0595466,0,0,0,0,-0.1669,-0.1669
67,19,-0.0785111,0,0,0,0,-0.220055,-0.220055
67,20,0.786241,0,0,0,0,2.20372,2.20372
67,21,0.341829,0,0,0,0,0.958096,0.958096
68,1,0.413168,0,0,0,0,1.15805,1.15805
68,2,0.656356,0,0,0,0,1.83967,1.83967
68,3,-0.229598,0,0,0,0,-0.643529,-0.643529
68,4,0.784613,0,0,0,0,2.19915,2.19915
68,5,-0.244377,0,0,0,0,-0.684952,-0.684952
68,6,0.116469,0,0,0,0,0.326445,0.326445
68,7,0.00941635,0,0,0,0,0.0263926,0.0263926
68,8,0.406561,0,0,0,0,1.13953,1.13953
68,9,-0.2861,0,0,0,0,-0.801896,-0.801896
68,10,-0.157509,0,0,0,0,-0.441474,-0.441474
68,11,-0.270054,0,0,0,0,-0.756921,-0.756921
68,12,0.676732,0,0,0,0,1.89678,1.89678
68,13,-0.156411,0,0,0,0,-0.438397,-0.438397
68,14,-0.28369,0,0,0,0,-0.795141,-0.795141
68,15,-0.181588,0,0,0,0,-0.508964,-0.508964
68,16,-0.239923,0,0,0,0,-0.672469,-0.672469
68,17,-0.543621,0,0,0,0,-1.52369,-1.52369
68,18,-0.395935,0,0,0,0,-1.10975,-1.10975
68,19,-0.3372,0,0,0,0,-0.945122,-0.945122
68,20,-0.342913,0,0,0,0,-0.961134,-0.961134
68,21,-0.241412,0,0,0,0,-0.676642,-0.676642
69,1,0.402927,0,0,0,0,1.12934,1.12934
69,2,0.548853,0,0,0,0,1.53835,1.53835
69,3,-0.0740811,0,0,0,0,-0.207638,-0.207638
69,4,-0.709171,0,0,0,0,-1.9877,-1.9877
69,5,0.0695541,0,0,0,0,0.19495,0.19495
69,6,0.071616,0,0,0,0,0.200729,0.200729
69,7,0.763718,0,0,0,0,2.14059,2.14059
69,8,-0.283233,0,0,0,0,-0.79386,-0.79386
69,9,0.0067542,0,0,0,0,0.018931,0.018931
69,10,-0.679168,0,0,0,0,-1.90361,-1.90361
69,11,0.778646,0,0,0,0,2.18243,2.18243
69,12,-0.0890297,0,0,0,0,-0.249537,-0.249537
69,13,0.485742,0,0,0,0,1.36146,1.36146
69,14,0.329438,0,0,0,0,0.923366,0.923366
69,15,0.118962,0,0,0,0,0.333433,0.333433
69,16,0.46677,0,0,0,0,1.30829,1.30829
69,17,0.610261,0,0,0,0,1.71047,1.71047
69,18,-0.288546,0,0,0,0,-0.808752,-0.808752
69,19,0.752527,0,0,0,0,2.10922,2.10922
69,20,0.051025,0,0,0,0,0.143016,0.143016
69,21,0.402846,0,0,0,0,1.12912,1.12912
70,1,-0.781665,0,0,0,0,-2.19089,-2.19089
70,2,0.53151,0,0,0,0,1.48974,1.48974
70,3,0.187445,0,0,0,0,0.525381,0.525381
70,4,0.341228,0,0,0,0,0.956411,0.956411
70,5,-0.334874,0,0,0,0,-0.938602,-0.938602
70,6,0.180128,0,0,0,0,0.504872,0.504872
70,7,0.173029,0,0,0,0,0.484975,0.484975
70,8,-0.0547129,0,0,0,0,-0.153352,-0.153352
70,9,0.255415,0,0,0,0,0.71589,0.71589
70,10,-0.222545,0,0,0,0,-0.623761,-0.623761
70,11,-0.385247,0,0,0,0,-1.07979,-1.07979
70,12,-0.930728,0,0,0,0,-2.60869,-2.60869
70,13,-1.10285,0,0,0,0,-3.09112,-3.09112
70,14,-0.232068,0,0,0,0,-0.650452,-0.650452
70,15,-0.869064,0,0,0,0,-2.43586,-2.43586
70,16,-0.181434,0,0,0,0,-0.508533,-0.508533
70,17,-0.0357544,0,0,0,0,-0.100214,-0.100214
70,18,-0.250252,0,0,0,0,-0.701419,-0.701419
70,19,-0.0655866,0,0,0,0,-0.18383,-0.18383
70,20,-0.225794,0,0,0,0,-0.632867,-0.632867
70,21,0.964759,0,0,0,0,2.70408,2.70408
71,1,-0.0416063,0,0,0,0,-0.116616,-0.116616
71,2,0.0865093,0,0,0,0,0.242473,0.242473
71,3,0.18562,0,0,0,0,0.520265,0.520265
71,4,-0.388558,0,0,0,0,-1.08907,-1.08907
71,5,-0.778747,0,0,0,0,-2.18271,-2.18271
71,6,-0.344987,0,0,0,0,-0.966947,-0.966947
71,7,-0.608458,0,0,0,0,-1.70542,-1.70542
71,8,0.465384,0,0,0,0,1.3044,1.3044
71,9,0.343137,0,0,0,0,0.961762,0.961762
71,10,0.643562,0,0,0,0,1.80381,1.80381
71,11,-0.833015,0,0,0,0,-2.33482,-2.33482
71,12,0.217931,0,0,0,0,0.610828,0.610828
71,13,0.332351,0,0,0,0,0.931531,0.931531
71,14,0.20308,0,0,0,0,0.569203,0.569203
71,15,0.315793,0,0,0,0,0.885121,0.885121
71,16,0.138404,0,0,0,0,0.387926,0.387926
71,17,-0.0855277,0,0,0,0,-0.239721,-0.239721
71,18,-0.278008,0,0,0,0,-0.779215,-0.779215
71,19,0.268501,0,0,0,0,0.752568,0.752568
71,20,-0.258961,0,0,0,0,-0.725829,-0.725829
71,21,0.282958,0,0,0,0,0.793089,0.793089
72,1,0.04776,0,0,0,0,0.133864,0.133864
72,2,0.0758232,0,0,0,0,0.212521,0.212521
72,3,-0.0248376,0,0,0,0,-0.0696161,-0.0696161
72,4,0.625292,0,0,0,0,1.7526,1.7526
72,5,-0.070721,0,0,0,0,-0.19822,-0.19822
72,6,0.445269,0,0,0,0,1.24802,1.24802
72,7,-0.316432,0,0,0,0,-0.886912,-0.886912
72,8,0.135934,0,0,0,0,0.381003,0.381003
72,9,0.346275,0,0,0,0,0.970557,0.970557
72,10,0.0224476,0,0,0,0,0.0629173,0.0629173
72,11,0.389333,0,0,0,0,1.09124,1.09124
72,12,-0.511862,0,0,0,0,-1.43467,-1.43467
72,13,-0.0746823,0,0,0,0,-0.209323,-0.209323
72,14,-0.403408,0,0,0,0,-1.13069,-1.13069
72,15,0.143161,0,0,0,0,0.401259,0.401259
72,16,0.141355,0,0,0,0,0.396197,0.396197
72,17,-0.200147,0,0,0,0,-0.560982,-0.560982
72,18,0.430283,0,0,0,0,1.20602,1.20602
72,19,-0.138475,0,0,0,0,-0.388125,-0.388125
72,20,-0.181592,0,0,0,0,-0.508975,-0.508975
72,21,0.303053,0,0,0,0,0.849413,0.849413
73,1,-0.0910336,0,0,0,0,-0.255154,-0.255154
73,2,-0.729201,0,0,0,0,-2.04384,-2.04384
73,3,0.0697463,0,0,0,0,0.195489,0.195489
73,4,-0.0150864,0,0,0,0,-0.0422849,-0.0422849
73,5,0.127069,0,0,0,0,0.356156,0.356156
73,6,-0.195077,0,0,0,0,-0.546772,-0.546772
73,7,-0.496189,0,0,0,0,-1.39074,-1.39074
73,8,-0.235228,0,0,0,0,-0.659309,-0.659309
73,9,0.0189987,0,0,0,0,0.0532505,0.0532505
73,10,-0.143281,0,0,0,0,-0.401595,-0.401595
73,11,0.663485,0,0,0,0,1.85965,1.85965
73,12,-0.53453,0,0,0,0,-1.49821,-1.49821
73,13,-0.127063,0,0,0,0,-0.356139,-0.356139
73,14,0.0298194,0,0,0,0,0.0835794,0.0835794
73,15,0.267645,0,0,0,0,0.750169,0.750169
73,16,0.11035,0,0,0,0,0.309295,0.309295
73,17,0.290235,0,0,0,0,0.813486,0.813486
73,18,0.201116,0,0,0,0,0.563698,0.563698
73,19,-0.233069,0,0,0,0,-0.653258,-0.653258
73,20,0.162822,0,0,0,0,0.456366,0.456366
73,21,0.477866,0,0,0,0,1.33939,1.33939
74,1,0.0837549,0,0,0,0,0.234753,0.234753
74,2,-0.499551,0,0,0,0,-1.40017,-1.40017
74,3,0.425249,0,0,0,0,1.19191,1.19191
74,4,-0.181209,0,0,0,0,-0.507902,-0.507902
74,5,0.200132,0,0,0,0,0.56094,0.56094
74,6,-0.544853,0,0,0,0,-1.52714,-1.52714
74,7,-0.358828,0,0,0,0,-1.00574,-1.00574
74,8,-0.509653,0,0,0,0,-1.42848,-1.42848
74,9,-0.1455,0,0,0,0,-0.407815,-0.407815
74,10,0.0346023,0,0,0,0,0.0969851,0.0969851
74,11,-0.176042,0,0,0,0,-0.49342,-0.49342
74,12,-0.207913,0,0,0,0,-0.582749,-0.582749
74,13,0.744808,0,0,0,0,2.08759,2.08759
74,14,-0.0516745,0,0,0,0,-0.144836,-0.144836
74,15,-0.359185,0,0,0,0,-1.00674,-1.00674
74,16,0.107622,0,0,0,0,0.301649,0.301649
74,17,0.283599,0,0,0,0,0.794886,0.794886
74,18,0.231562,0,0,0,0,0.649034,0.649034
74,19,0.146826,0,0,0,0,0.411532,0.411532
74,20,-0.373784,0,0,0,0,-1.04766,-1.04766
74,21,0.199013,0,0,0,0,0.557804,0.557804
75,1,0.161844,0,0,0,0,0.453625,0.453625
75,2,-0.423923,0,0,0,0,-1.18819,-1.18819
75,3,0.735166,0,0,0,0,2.06056,2.06056
75,4,0.30847,0,0,0,0,0.864596,0.864596
75,5,-0.281426,0,0,0,0,-0.788795,-0.788795
75,6,0.74824,0,0,0,0,2.09721,2.09721
75,7,0.380626,0,0,0,0,1.06684,1.06684
75,8,-0.0697756,0,0,0,0,-0.195571,-0.195571
75,9,0.0757809,0,0,0,0,0.212403,0.212403
75,10,-0.128298,0,0,0,0,-0.3596,-0.3596
75,11,-0.0858128,0,0,0,0,-0.240521,-0.240521
75,12,0.191649,0,0,0,0,0.537164,0.537164
75,13,-0.658047,0,0,0,0,-1.84441,-1.84441
75,14,-0.0669722,0,0,0,0,-0.187713,-0.187713
75,15,1.04081,0,0,0,0,2.91724,2.91724
75,16,0.173426,0,0,0,0,0.486087,0.486087
75,17,0.0575404,0,0,0,0,0.161277,0.161277
75,18,-0.408015,0,0,0,0,-1.14361,-1.14361
75,19,-0.263441,0,0,0,0,-0.738386,-0.738386
75,20,0.0106522,0,0,0,0,0.0298565,0.0298565
75,21,-0.25885,0,0,0,0,-0.725518,-0.725518
76,1,0.0338147,0,0,0,0,0.0947776,0.0947776
76,2,-0.100165,0,0,0,0,-0.280748,-0.280748
76,3,-0.113478,0,0,0,0,-0.318062,-0.318062
76,4,0.0663601,0,0,0,0,0.185998,0.185998
76,5,-0.266319,0,0,0,0,-0.746453,-0.746453
76,6,0.236894,0,0,0,0,0.663979,0.663979
76,7,-0.239448,0,0,0,0,-0.671137,-0.671137
76,8,0.236155,0,0,0,0,0.661907,0.661907
76,9,0.415564,0,0,0,0,1.16476,1.16476
76,10,0.0680121,0,0,0,0,0.190628,0.190628
76,11,0.187322,0,0,0,0,0.525036,0.525036
76,12,-0.0245035,0,0,0,0,-0.0686797,-0.0686797
76,13,-0.348088,0,0,0,0,-0.975639,-0.975639
76,14,0.0709477,0,0,0,0,0.198856,0.198856
76,15,-0.387123,0,0,0,0,-1.08505,-1.08505
76,16,0.40178,0,0,0,0,1.12613,1.12613
76,17,-0.451465,0,0,0,0,-1.26539,-1.26539
76,18,0.459227,0,0,0,0,1.28715,1.28715
76,19,0.0255165,0,0,0,0,0.071519,0.071519
76,20,0.202419,0,0,0,0,0.56735,0.56735
76,21,0.5189,0,0,0,0,1.4544,1.4544
77,1,-0.421654,0,0,0,0,-1.18183,-1.18183
77,2,0.486577,0,0,0,0,1.3638,1.3638
77,3,-0.223908,0,0,0,0,-0.627581,-0.627581
77,4,0.10252,0,0,0,0,0.287348,0.287348
77,5,-0.377136,0,0,0,0,-1.05706,-1.05706
77,6,-0.114888,0,0,0,0,-0.322014,-0.322014
77,7,-0.44018,0,0,0,0,-1.23376,-1.23376
77,8,0.187136,0,0,0,0,0.524514,0.524514
77,9,-0.325399,0,0,0,0,-0.912045,-0.912045
77,10,-0.0580565,0,0,0,0,-0.162724,-0.162724
77,11,0.49338,0,0,0,0,1.38287,1.38287
77,12,-0.0938249,0,0,0,0,-0.262977,-0.262977
77,13,-0.332482,0,0,0,0,-0.931898,-0.931898
77,14,0.00680482,0,0,0,0,0.0190729,0.0190729
77,15,0.559768,0,0,0,0,1.56895,1.56895
77,16,0.158628,0,0,0,0,0.444611,0.444611
77,17,0.162133,0,0,0,0,0.454435,0.454435
77,18,-0.382124,0,0,0,0,-1.07104,-1.07104
77,19,0.00443171,0,0,0,0,0.0124214,0.0124214
77,20,0.337457,0,0,0,0,0.945842,0.945842
77,21,-0.367556,0,0,0,0,-1.0302,-1.0302
78,1,0.0967982,0,0,0,0,0.271311,0.271311
78,2,0.0196777,0,0,0,0,0.0551537,0.0551537
78,3,-0.0903019,0,0,0,0,-0.253103,-0.253103
78,4,0.452719,0,0,0,0,1.2689,1.2689
78,5,-0.532601,0,0,0,0,-1.4928,-1.4928
78,6,-0.762089,0,0,0,0,-2.13602,-2.13602
78,7,0.27806,0,0,0,0,0.779361,0.779361
78,8,-0.0603215,0,0,0,0,-0.169072,-0.169072
78,9,-0.0615879,0,0,0,0,-0.172622,-0.172622
78,10,-0.26606,0,0,0,0,-0.745727,-0.745727
78,11,0.14842,0,0,0,0,0.415999,0.415999
78,12,-0.0562462,0,0,0,0,-0.15765,-0.15765
78,13,-0.170809,0,0,0,0,-0.478752,-0.478752
78,14,-0.781425,0,0,0,0,-2.19022,-2.19022
78,15,0.131462,0,0,0,0,0.368468,0.368468
78,16,0.178668,0,0,0,0,0.50078,0.50078
78,17,-0.335143,0,0,0,0,-0.939356,-0.939356
78,18,-0.303521,0,0,0,0,-0.850724,-0.850724
78,19,0.0386393,0,0,0,0,0.1083,0.1083
78,20,-0.230915,0,0,0,0,-0.64722,-0.64722
78,21,-0.682478,0,0,0,0,-1.91288,-1.91288
79,1,-0.627076,0,0,0,0,-1.7576,-1.7576
79,2,0.187036,0,0,0,0,0.524234,0.524234
79,3,0.0818414,0,0,0,0,0.229389,0.229389
79,4,0.362166,0,0,0,0,1.0151,1.0151
79,5,-0.159443,0,0,0,0,-0.446895,-0.446895
79,6,-0.781538,0,0,0,0,-2.19054,-2.19054
79,7,-0.0309711,0,0,0,0,-0.0868074,-0.0868074
79,8,-0.446436,0,0,0,0,-1.25129,-1.25129
79,9,0.192311,0,0,0,0,0.539019,0.539019
79,10,-0.196227,0,0,0,0,-0.549995,-0.549995
79,11,0.0272704,0,0,0,0,0.0764349,0.0764349
79,12,-0.0948655,0,0,0,0,-0.265894,-0.265894
79,13,0.123831,0,0,0,0,0.34708,0.34708
79,14,0.165678,0,0,0,0,0.464371,0.464371
79,15,0.0957268,0,0,0,0,0.268308,0.268308
79,16,-0.237306,0,0,0,0,-0.665134,-0.665134
79,17,0.637236,0,0,0,0,1.78608,1.78608
79,18,-0.113636,0,0,0,0,-0.318505,-0.318505
79,19,0.501968,0,0,0,0,1.40694,1.40694
79,20,0.327225,0,0,0,0,0.917163,0.917163
79,21,-0.908234,0,0,0,0,-2.54565,-2.54565
80,1,0.201436,0,0,0,0,0.564595,0.564595
80,2,0.695281,0,0,0,0,1.94877,1.94877
80,3,0.361358,0,0,0,0,1.01283,1.01283
80,4,-0.442204,0,0,0,0,-1.23943,-1.23943
80,5,0.248734,0,0,0,0,0.697165,0.697165
80,6,0.232795,0,0,0,0,0.65249,0.65249
80,7,-0.101354,0,0,0,0,-0.28408,-0.28408
80,8,0.275277,0,0,0,0,0.771561,0.771561
80,9,0.574449,0,0,0,0,1.6101,1.6101
80,10,0.24512,0,0,0,0,0.687035,0.687035
80,11,0.291828,0,0,0,0,0.817951,0.817951
80,12,-0.00553263,0,0,0,0,-0.0155071,-0.0155071
80,13,-0.72686,0,0,0,0,-2.03728,-2.03728
80,14,-0.0251982,0,0,0,0,-0.0706268,-0.0706268
80,15,-0.105393,0,0,0,0,-0.295401,-0.295401
80,16,-0.50471,0,0,0,0,-1.41463,-1.41463
80,17,0.0971878,0,0,0,0,0.272403,0.272403
80,18,-0.0710013,0,0,0,0,-0.199006,-0.199006
80,19,0.149287,0,0,0,0,0.418429,0.418429
80,20,-0.567811,0,0,0,0,-1.59149,-1.59149
80,21,0.286068,0,0,0,0,0.801806,0.801806
81,1,0.400341,0,0,0,0,1.1221,1.1221
81,2,0.0172622,0,0,0,0,0.0483834,0.0483834
81,3,0.182763,0,0,0,0,0.512258,0.512258
81,4,-0.501241,0,0,0,0,-1.4049,-1.4049
81,5,0.38167,0,0,0,0,1.06976,1.06976
81,6,0.329554,0,0,0,0,0.923691,0.923691
81,7,0.617529,0,0,0,0,1.73084,1.73084
81,8,-0.118739,0,0,0,0,-0.332808,-0.332808
81,9,0.00535689,0,0,0,0,0.0150146,0.0150146
81,10,-0.00311715,0,0,0,0,-0.00873691,-0.00873691
81,11,-0.0269995,0,0,0,0,-0.0756756,-0.0756756
81,12,-0.0299607,0,0,0,0,-0.0839754,-0.0839754
81,13,-0.302776,0,0,0,0,-0.848636,-0.848636
81,14,-0.0393538,0,0,0,0,-0.110303,-0.110303
81,15,-0.0498678,0,0,0,0,-0.139772,-0.139772
81,16,0.528709,0,0,0,0,1.48189,1.48189
81,17,-0.154467,0,0,0,0,-0.432948,-0.432948
81,18,-0.369935,0,0,0,0,-1.03687,-1.03687
81,19,-0.254515,0,0,0,0,-0.713368,-0.713368
81,20,-0.164149,0,0,0,0,-0.460085,-0.460085
81,21,0.243215,0,0,0,0,0.681696,0.681696
82,1,0.294049,0,0,0,0,0.824176,0.824176
82,2,-0.446304,0,0,0,0,-1.25092,-1.25092
82,3,-0.202592,0,0,0,0,-0.567835,-0.567835
82,4,-0.263088,0,0,0,0,-0.737397,-0.737397
82,5,0.410608,0,0,0,0,1.15087,1.15087
82,6,-0.42352,0,0,0,0,-1.18706,-1.18706
82,7,-0.133306,0,0,0,0,-0.373637,-0.373637
82,8,-0.262433,0,0,0,0,-0.735561,-0.735561
82,9,0.408307,0,0,0,0,1.14442,1.14442
82,10,0.302712,0,0,0,0,0.848457,0.848457
82,11,0.324306,0,0,0,0,0.908982,0.908982
82,12,1.02738,0,0,0,0,2.87959,2.87959
82,13,-0.119888,0,0,0,0,-0.336028,-0.336028
82,14,-0.140905,0,0,0,0,-0.394936,-0.394936
82,15,-0.0236972,0,0,0,0,-0.0664197,-0.0664197
82,16,0.594736,0,0,0,0,1.66696,1.66696
82,17,0.331658,0,0,0,0,0.929588,0.929588
82,18,0.080949,0,0,0,0,0.226888,0.226888
82,19,0.150757,0,0,0,0,0.42255,0.42255
82,20,0.20577,0,0,0,0,0.576743,0.576743
82,21,-0.179219,0,0,0,0,-0.502324,-0.502324
83,1,0.331659,0,0,0,0,0.929591,0.929591
83,2,-0.037897,0,0,0,0,-0.10622,-0.10622
83,3,-0.0815234,0,0,0,0,-0.228498,-0.228498
83,4,0.217278,0,0,0,0,0.608998,0.608998
83,5,0.247006,0,0,0,0,0.692321,0.692321
83,6,-0.0017923,0,0,0,0,-0.00502355,-0.00502355
83,7,0.353628,0,0,0,0,0.991167,0.991167
83,8,-0.542092,0,0,0,0,-1.5194,-1.5194
83,9,0.321296,0,0,0,0,0.900545,0.900545
83,10,0.59991,0,0,0,0,1.68146,1.68146
83,11,0.509725,0,0,0,0,1.42868,1.42868
83,12,0.317813,0,0,0,0,0.890783,0.890783
83,13,0.221618,0,0,0,0,0.621162,0.621162
83,14,-0.207381,0,0,0,0,-0.581258,-0.581258
83,15,-0.574744,0,0,0,0,-1.61092,-1.61092
83,16,0.269432,0,0,0,0,0.755178,0.755178
83,17,-0.199349,0,0,0,0,-0.558746,-0.558746
83,18,0.400534,0,0,0,0,1.12264,1.12264
83,19,0.0121201,0,0,0,0,0.0339708,0.0339708
83,20,-0.318653,0,0,0,0,-0.893137,-0.893137
83,21,-0.482155,0,0,0,0,-1.35141,-1.35141
84,1,-0.0175654,0,0,0,0,-0.0492332,-0.0492332
84,2,0.414681,0,0,0,0,1.16229,1.16229
84,3,-0.222591,0,0,0,0,-0.62389,-0.62389
84,4,0.155401,0,0,0,0,0.435566,0.435566
84,5,-0.0299054,0,0,0,0,-0.0838204,-0.0838204
84,6,0.166204,0,0,0,0,0.465845,0.465845
84,7,0.0282573,0,0,0,0,0.079201,0.079201
84,8,0.500921,0,0,0,0,1.40401,1.40401
84,9,-0.137,0,0,0,0,-0.383991,-0.383991
84,10,-0.284665,0,0,0,0,-0.797874,-0.797874
84,11,0.144916,0,0,0,0,0.406178,0.406178
84,12,0.166811,0,0,0,0,0.467546,0.467546
84,13,0.209829,0,0,0,0,0.58812,0.58812
84,14,0.13792,0,0,0,0,0.386569,0.386569
84,15,-0.1489,0,0,0,0,-0.417345,-0.417345
84,16,0.286463,0,0,0,0,0.802913,0.802913
84,17,-0.0364971,0,0,0,0,-0.102296,-0.102296
84,18,-0.0777628,0,0,0,0,-0.217958,-0.217958
84,19,0.650879,0,0,0,0,1.82432,1.82432
84,20,-0.248122,0,0,0,0,-0.695449,-0.695449
84,21,0.0169499,0,0,0,0,0.0475081,0.0475081
85,1,-0.213813,0,0,0,0,-0.599286,-0.599286
85,2,-0.05651,0,0,0,0,-0.158389,-0.158389
85,3,0.851994,0,0,0,0,2.38801,2.38801
85,4,-0.0999104,0,0,0,0,-0.280034,-0.280034
85,5,0.0903036,0,0,0,0,0.253108,0.253108
85,6,-0.081925,0,0,0,0,-0.229624,-0.229624
85,7,0.149306,0,0,0,0,0.418483,0.418483
85,8,0.400842,0,0,0,0,1.1235,1.1235
85,9,-0.0112607,0,0,0,0,-0.0315621,-0.0315621
85,10,0.134137,0,0,0,0,0.375966,0.375966
85,11,0.0406096,0,0,0,0,0.113823,0.113823
85,12,0.209015,0,0,0,0,0.585838,0.585838
85,13,0.0444548,0,0,0,0,0.1246,0.1246
85,14,-0.426182,0,0,0,0,-1.19452,-1.19452
85,15,-0.0143228,0,0,0,0,-0.0401447,-0.0401447
85,16,0.164011,0,0,0,0,0.459699,0.459699
85,17,-0.552217,0,0,0,0,-1.54778,-1.54778
85,18,0.13125,0,0,0,0,0.367874,0.367874
85,19,-0.145693,0,0,0,0,-0.408356,-0.408356
85,20,-0.00512364,0,0,0,0,-0.0143608,-0.0143608
85,21,0.656727,0,0,0,0,1.84071,1.84071
86,1,-0.335856,0,0,0,0,-0.941355,-0.941355
86,2,-0.258942,0,0,0,0,-0.725776,-0.725776
86,3,-0.878147,0,0,0,0,-2.46132,-2.46132
86,4,-0.17247,0,0,0,0,-0.483408,-0.483408
86,5,-0.0713628,0,0,0,0,-0.200019,-0.200019
86,6,0.519672,0,0,0,0,1.45656,1.45656
86,7,-0.167614,0,0,0,0,-0.469797,-0.469797
86,8,-0.489731,0,0,0,0,-1.37264,-1.37264
86,9,-0.196015,0,0,0,0,-0.549401,-0.549401
86,10,0.475284,0,0,0,0,1.33215,1.33215
86,11,-0.255322,0,0,0,0,-0.71563,-0.71563
86,12,0.241704,0,0,0,0,0.67746,0.67746
86,13,-0.275014,0,0,0,0,-0.770823,-0.770823
86,14,0.516615,0,0,0,0,1.448,1.448
86,15,5.47424e-05,0,0,0,0,0.000153435,0.000153435
86,16,-0.288208,0,0,0,0,-0.807804,-0.807804
86,17,-0.201908,0,0,0,0,-0.565918,-0.565918
86,18,-0.31102,0,0,0,0,-0.871743,-0.871743
86,19,-0.0390547,0,0,0,0,-0.109465,-0.109465
86,20,0.362801,0,0,0,0,1.01688,1.01688
86,21,-0.792296,0,0,0,0,-2.22069,-2.22069
87,1,0.575813,0,0,0,0,1.61392,1.61392
87,2,-0.152504,0,0,0,0,-0.427446,-0.427446
87,3,-0.0302769,0,0,0,0,-0.0848617,-0.0848617
87,4,0.284121,0,0,0,0,0.796349,0.796349
87,5,-0.126449,0,0,0,0,-0.354418,-0.354418
87,6,0.108536,0,0,0,0,0.30421,0.30421
87,7,0.0286285,0,0,0,0,0.0802414,0.0802414
87,8,-0.520681,0,0,0,0,-1.45939,-1.45939
87,9,0.28482,0,0,0,0,0.798308,0.798308
87,10,-0.0561193,0,0,0,0,-0.157294,-0.157294
87,11,0.168549,0,0,0,0,0.472418,0.472418
87,12,0.0726572,0,0,0,0,0.203647,0.203647
87,13,0.619469,0,0,0,0,1.73628,1.73628
87,14,-0.101893,0,0,0,0,-0.285591,-0.285591
87,15,-0.512221,0,0,0,0,-1.43568,-1.43568
87,16,0.322425,0,0,0,0,0.903709,0.903709
87,17,-0.626316,0,0,0,0,-1.75547,-1.75547
87,18,0.372503,0,0,0,0,1.04407,1.04407
87,19,0.359194,0,0,0,0,1.00677,1.00677
87,20,0.312703,0,0,0,0,0.87646,0.87646
87,21,0.186724,0,0,0,0,0.52336,0.52336
88,1,0.179256,0,0,0,0,0.502428,0.502428
88,2,-0.0857761,0,0,0,0,-0.240418,-0.240418
88,3,-0.391257,0,0,0,0,-1.09664,-1.09664
88,4,-0.214497,0,0,0,0,-0.601203,-0.601203
88,5,0.725204,0,0,0,0,2.03264,2.03264
88,6,0.578721,0,0,0,0,1.62207,1.62207
88,7,0.478351,0,0,0,0,1.34075,1.34075
88,8,0.375755,0,0,0,0,1.05319,1.05319
88,9,-0.544851,0,0,0,0,-1.52714,-1.52714
88,10,-0.247431,0,0,0,0,-0.693512,-0.693512
88,11,-0.267374,0,0,0,0,-0.74941,-0.74941
88,12,0.0253584,0,0,0,0,0.0710758,0.0710758
88,13,0.392361,0,0,0,0,1.09973,1.09973
88,14,0.288587,0,0,0,0,0.808867,0.808867
88,15,0.0523723,0,0,0,0,0.146792,0.146792
88,16,0.330798,0,0,0,0,0.927178,0.927178
88,17,0.0635921,0,0,0,0,0.178239,0.178239
88,18,0.0782236,0,0,0,0,0.219249,0.219249
88,19,-0.0224538,0,0,0,0,-0.0629347,-0.0629347
88,20,0.108012,0,0,0,0,0.302742,0.302742
88,21,-0.215632,0,0,0,0,-0.604385,-0.604385
89,1,-0.0251877,0,0,0,0,-0.0705974,-0.0705974
89,2,0.196242,0,0,0,0,0.550037,0.550037
89,3,0.189394,0,0,0,0,0.530843,0.530843
89,4,0.359062,0,0,0,0,1.0064,1.0064
89,5,-0.735816,0,0,0,0,-2.06238,-2.06238
89,6,-0.223756,0,0,0,0,-0.627155,-0.627155
89,7,-0.0877385,0,0,0,0,-0.245918,-0.245918
89,8,-0.344804,0,0,0,0,-0.966434,-0.966434
89,9,-0.550505,0,0,0,0,-1.54298,-1.54298
89,10,-0.0263901,0,0,0,0,-0.0739675,-0.0739675
89,11,0.0846126,0,0,0,0,0.237157,0.237157
89,12,-0.87956,0,0,0,0,-2.46528,-2.46528
89,13,-0.408042,0,0,0,0,-1.14368,-1.14368
89,14,-0.14327,0,0,0,0,-0.401565,-0.401565
89,15,-0.171446,0,0,0,0,-0.480538,-0.480538
89,16,0.102795,0,0,0,0,0.288119,0.288119
89,17,0.546692,0,0,0,0,1.5323,1.5323
89,18,0.353593,0,0,0,0,0.991069,0.991069
89,19,0.104007,0,0,0,0,0.291516,0.291516
89,20,-0.382526,0,0,0,0,-1.07216,-1.07216
89,21,-0.255984,0,0,0,0,-0.717485,-0.717485
90,1,-0.328681,0,0,0,0,-0.921244,-0.921244
90,2,0.456958,0,0,0,0,1.28079,1.28079
90,3,-0.305197,0,0,0,0,-0.855422,-0.855422
90,4,-0.111343,0,0,0,0,-0.312078,-0.312078
90,5,0.290499,0,0,0,0,0.814226,0.814226
90,6,-0.601105,0,0,0,0,-1.68481,-1.68481
90,7,0.342237,0,0,0,0,0.95924,0.95924
90,8,0.933481,0,0,0,0,2.61641,2.61641
90,9,-0.253457,0,0,0,0,-0.710402,-0.710402
90,10,0.254249,0,0,0,0,0.712622,0.712622
90,11,0.294445,0,0,0,0,0.825286,0.825286
90,12,-0.944533,0,0,0,0,-2.64739,-2.64739
90,13,0.0185647,0,0,0,0,0.0520341,0.0520341
90,14,-0.0786493,0,0,0,0,-0.220442,-0.220442
90,15,-0.322007,0,0,0,0,-0.902538,-0.902538
90,16,0.0196247,0,0,0,0,0.0550051,0.0550051
90,17,-0.0260655,0,0,0,0,-0.0730577,-0.0730577
90,18,-0.609983,0,0,0,0,-1.70969,-1.70969
90,19,0.0496794,0,0,0,0,0.139244,0.139244
90,20,0.114907,0,0,0,0,0.322067,0.322067
90,21,0.185447,0,0,0,0,0.51978,0.51978
91,1,-0.304597,0,0,0,0,-0.85374,-0.85374
91,2,0.669546,0,0,0,0,1.87664,1.87664
91,3,-0.172058,0,0,0,0,-0.482253,-0.482253
91,4,0.279839,0,0,0,0,0.784347,0.784347
91,5,-0.562021,0,0,0,0,-1.57526,-1.57526
91,6,-0.663025,0,0,0,0,-1.85836,-1.85836
91,7,-0.54943,0,0,0,0,-1.53997,-1.53997
91,8,0.0911995,0,0,0,0,0.255619,0.255619
91,9,0.269165,0,0,0,0,0.75443,0.75443
91,10,0.480066,0,0,0,0,1.34555,1.34555
91,11,-0.203335,0,0,0,0,-0.569918,-0.569918
91,12,-0.360035,0,0,0,0,-1.00912,-1.00912
91,13,-0.0373729,0,0,0,0,-0.104751,-0.104751
91,14,-0.0131694,0,0,0,0,-0.0369119,-0.0369119
91,15,-0.0602898,0,0,0,0,-0.168983,-0.168983
91,16,0.338689,0,0,0,0,0.949295,0.949295
91,17,0.0475449,0,0,0,0,0.133261,0.133261
91,18,0.386246,0,0,0,0,1.08259,1.08259
91,19,0.171384,0,0,0,0,0.480364,0.480364
91,20,0.428234,0,0,0,0,1.20028,1.20028
91,21,0.0552699,0,0,0,0,0.154913,0.154913
92,1,-0.096606,0,0,0,0,-0.270772,-0.270772
92,2,0.0796907,0,0,0,0,0.223361,0.223361
92,3,-0.162237,0,0,0,0,-0.454726,-0.454726
92,4,-0.384373,0,0,0,0,-1.07734,-1.07734
92,5,0.757492,0,0,0,0,2.12314,2.12314
92,6,-0.112282,0,0,0,0,-0.31471,-0.31471
92,7,-0.225497,0,0,0,0,-0.632035,-0.632035
92,8,0.15397,0,0,0,0,0.431555,0.431555
92,9,-0.224956,0,0,0,0,-0.630518,-0.630518
92,10,-0.0216668,0,0,0,0,-0.0607288,-0.0607288
92,11,0.395485,0,0,0,0,1.10849,1.10849
92,12,0.0678196,0,0,0,0,0.190088,0.190088
92,13,0.18465,0,0,0,0,0.517547,0.517547
92,14,0.866679,0,0,0,0,2.42917,2.42917
92,15,-0.181147,0,0,0,0,-0.507728,-0.507728
92,16,-0.364326,0,0,0,0,-1.02115,-1.02115
92,17,0.271388,0,0,0,0,0.76066,0.76066
92,18,-0.282294,0,0,0,0,-0.791228,-0.791228
92,19,-0.469722,0,0,0,0,-1.31656,-1.31656
92,20,0.012314,0,0,0,0,0.0345143,0.0345143
92,21,-0.228283,0,0,0,0,-0.639843,-0.639843
93,1,-0.363459,0,0,0,0,-1.01872,-1.01872
93,2,0.518879,0,0,0,0,1.45434,1.45434
93,3,-0.14619,0,0,0,0,-0.409749,-0.409749
93,4,0.389032,0,0,0,0,1.0904,1.0904
93,5,-0.522817,0,0,0,0,-1.46538,-1.46538
93,6,0.0316788,0,0,0,0,0.088791,0.088791
93,7,0.0695999,0,0,0,0,0.195078,0.195078
93,8,-0.331711,0,0,0,0,-0.929737,-0.929737
93,9,0.824241,0,0,0,0,2.31023,2.31023
93,10,0.386204,0,0,0,0,1.08247,1.08247
93,11,-0.238079,0,0,0,0,-0.6673,-0.6673
93,12,0.215799,0,0,0,0,0.604853,0.604853
93,13,-0.00920331,0,0,0,0,-0.0257955,-0.0257955
93,14,0.324966,0,0,0,0,0.910832,0.910832
93,15,-0.189559,0,0,0,0,-0.531306,-0.531306
93,16,0.119764,0,0,0,0,0.335681,0.335681
93,17,0.481872,0,0,0,0,1.35062,1.35062
93,18,0.322191,0,0,0,0,0.903054,0.903054
93,19,-0.135139,0,0,0,0,-0.378775,-0.378775
93,20,-0.468068,0,0,0,0,-1.31193,-1.31193
93,21,0.40309,0,0,0,0,1.1298,1.1298
94,1,-0.217055,0,0,0,0,-0.608373,-0.608373
94,2,-0.634498,0,0,0,0,-1.7784,-1.7784
94,3,-0.370785,0,0,0,0,-1.03926,-1.03926
94,4,-0.793373,0,0,0,0,-2.22371,-2.22371
94,5,0.238978,0,0,0,0,0.66982,0.66982
94,6,-0.127094,0,0,0,0,-0.356226,-0.356226
94,7,-0.219727,0,0,0,0,-0.615862,-0.615862
94,8,-0.399119,0,0,0,0,-1.11867,-1.11867
94,9,-0.338846,0,0,0,0,-0.949735,-0.949735
94,10,0.353847,0,0,0,0,0.991781,0.991781
94,11,-0.317541,0,0,0,0,-0.89002,-0.89002
94,12,-0.494587,0,0,0,0,-1.38625,-1.38625
94,13,-0.373906,0,0,0,0,-1.048,-1.048
94,14,-0.390304,0,0,0,0,-1.09396,-1.09396
94,15,-0.206679,0,0,0,0,-0.579291,-0.579291
94,16,0.281881,0,0,0,0,0.790071,0.790071
94,17,0.0364768,0,0,0,0,0.102239,0.102239
94,18,0.13609,0,0,0,0,0.38144,0.38144
94,19,-0.58829,0,0,0,0,-1.64889,-1.64889
94,20,0.425558,0,0,0,0,1.19278,1.19278
94,21,0.218879,0,0,0,0,0.613485,0.613485
95,1,0.545802,0,0,0,0,1.5298,1.5298
95,2,-0.398174,0,0,0,0,-1.11602,-1.11602
95,3,-0.364763,0,0,0,0,-1.02238,-1.02238
95,4,0.203435,0,0,0,0,0.570198,0.570198
95,5,-0.0623487,0,0,0,0,-0.174754,-0.174754
95,6,-0.145397,0,0,0,0,-0.407526,-0.407526
95,7,0.185173,0,0,0,0,0.519012,0.519012
95,8,-0.0964841,0,0,0,0,-0.270431,-0.270431
95,9,-0.272239,0,0,0,0,-0.763046,-0.763046
95,10,-0.464526,0,0,0,0,-1.302,-1.302
95,11,0.0615481,0,0,0,0,0.17251,0.17251
95,12,-0.0277943,0,0,0,0,-0.0779033,-0.0779033
95,13,-0.170328,0,0,0,0,-0.477404,-0.477404
95,14,0.386585,0,0,0,0,1.08354,1.08354
95,15,-0.187719,0,0,0,0,-0.526149,-0.526149
95,16,-0.56935,0,0,0,0,-1.5958,-1.5958
95,17,0.576779,0,0,0,0,1.61663,1.61663
95,18,0.136953,0,0,0,0,0.383859,0.383859
95,19,0.112264,0,0,0,0,0.314659,0.314659
95,20,0.458208,0,0,0,0,1.28429,1.28429
95,21,-0.135053,0,0,0,0,-0.378534,-0.378534
96,1,0.654255,0,0,0,0,1.83378,1.83378
96,2,0.262043,0,0,0,0,0.734468,0.734468
96,3,-0.037022,0,0,0,0,-0.103767,-0.103767
96,4,0.0434563,0,0,0,0,0.121802,0.121802
96,5,0.0191262,0,0,0,0,0.0536079,0.0536079
96,6,0.176464,0,0,0,0,0.494602,0.494602
96,7,-0.21558,0,0,0,0,-0.604239,-0.604239
96,8,0.420969,0,0,0,0,1.17991,1.17991
96,9,-0.483824,0,0,0,0,-1.35609,-1.35609
96,10,-0.375038,0,0,0,0,-1.05118,-1.05118
96,11,0.233146,0,0,0,0,0.653474,0.653474
96,12,0.0471358,0,0,0,0,0.132115,0.132115
96,13,1.26361,0,0,0,0,3.54171,3.54171
96,14,0.147051,0,0,0,0,0.412162,0.412162
96,15,-0.0993428,0,0,0,0,-0.278443,-0.278443
96,16,0.529503,0,0,0,0,1.48412,1.48412
96,17,0.0965384,0,0,0,0,0.270583,0.270583
96,18,0.0025257,0,0,0,0,0.00707916,0.00707916
96,19,-0.00298689,0,0,0,0,-0.00837181,-0.00837181
96,20,0.163087,0,0,0,0,0.457109,0.457109
96,21,-0.618603,0,0,0,0,-1.73385,-1.73385
97,1,-0.349559,0,0,0,0,-0.979762,-0.979762
97,2,-0.0872267,0,0,0,0,-0.244484,-0.244484
97,3,-0.616638,0,0,0,0,-1.72834,-1.72834
97,4,0.259933,0,0,0,0,0.728554,0.728554
97,5,0.129738,0,0,0,0,0.363636,0.363636
97,6,-0.502917,0,0,0,0,-1.4096,-1.4096
97,7,-0.144193,0,0,0,0,-0.404152,-0.404152
97,8,0.268282,0,0,0,0,0.751955,0.751955
97,9,0.52167,0,0,0,0,1.46216,1.46216
97,10,0.242591,0,0,0,0,0.679947,0.679947
97,11,0.381533,0,0,0,0,1.06938,1.06938
97,12,0.283678,0,0,0,0,0.795107,0.795107
97,13,-0.133282,0,0,0,0,-0.37357,-0.37357
97,14,0.0573779,0,0,0,0,0.160822,0.160822
97,15,-0.296167,0,0,0,0,-0.830112,-0.830112
97,16,-0.192006,0,0,0,0,-0.538164,-0.538164
97,17,-0.418867,0,0,0,0,-1.17402,-1.17402
97,18,-0.039451,0,0,0,0,-0.110575,-0.110575
97,19,-0.00821831,0,0,0,0,-0.0230347,-0.0230347
97,20,-0.165543,0,0,0,0,-0.463992,-0.463992
97,21,-0.307646,0,0,0,0,-0.862286,-0.862286
98,1,0.0160639,0,0,0,0,0.0450247,0.0450247
98,2,0.404676,0,0,0,0,1.13425,1.13425
98,3,-0.588947,0,0,0,0,-1.65073,-1.65073
98,4,-0.336211,0,0,0,0,-0.94235,-0.94235
98,5,0.432196,0,0,0,0,1.21138,1.21138
98,6,0.000398851,0,0,0,0,0.00111792,0.00111792
98,7,-0.0610399,0,0,0,0,-0.171086,-0.171086
98,8,0.295018,0,0,0,0,0.826892,0.826892
98,9,-0.670149,0,0,0,0,-1.87833,-1.87833
98,10,-0.479223,0,0,0,0,-1.34319,-1.34319
98,11,-0.803989,0,0,0,0,-2.25346,-2.25346
98,12,-0.506384,0,0,0,0,-1.41932,-1.41932
98,13,0.0248921,0,0,0,0,0.0697689,0.0697689
98,14,0.0538539,0,0,0,0,0.150944,0.150944
98,15,-0.027032,0,0,0,0,-0.0757667,-0.0757667
98,16,-0.260912,0,0,0,0,-0.731298,-0.731298
98,17,0.0906035,0,0,0,0,0.253948,0.253948
98,18,-0.170367,0,0,0,0,-0.477513,-0.477513
98,19,-0.218388,0,0,0,0,-0.612109,-0.612109
98,20,0.0576798,0,0,0,0,0.161668,0.161668
98,21,-0.616797,0,0,0,0,-1.72879,-1.72879
99,1,-0.115801,0,0,0,0,-0.324573,-0.324573
99,2,0.0339943,0,0,0,0,0.095281,0.095281
99,3,-0.170685,0,0,0,0,-0.478405,-0.478405
99,4,-0.15061,0,0,0,0,-0.422137,-0.422137
99,5,0.0905947,0,0,0,0,0.253924,0.253924
99,6,-0.213228,0,0,0,0,-0.597646,-0.597646
99,7,0.155609,0,0,0,0,0.436149,0.436149
99,8,0.110056,0,0,0,0,0.308471,0.308471
99,9,-0.118816,0,0,0,0,-0.333024,-0.333024
99,10,0.163744,0,0,0,0,0.45895,0.45895
99,11,0.13183,0,0,0,0,0.3695,0.3695
99,12,-0.117879,0,0,0,0,-0.330397,-0.330397
99,13,0.597855,0,0,0,0,1.6757,1.6757
99,14,0.19556,0,0,0,0,0.548126,0.548126
99,15,0.591701,0,0,0,0,1.65845,1.65845
99,16,0.268003,0,0,0,0,0.751173,0.751173
99,17,-0.143574,0,0,0,0,-0.402417,-0.402417
99,18,-0.149643,0,0,0,0,-0.419427,-0.419427
99,19,-0.0409415,0,0,0,0,-0.114753,-0.114753
99,20,-0.178358,0,0,0,0,-0.499911,-0.499911
99,21,0.78275,0,0,0,0,2.19393,2.19393
100,1,0.132997,0,0,0,0,0.372771,0.372771
100,2,-0.474157,0,0,0,0,-1.32899,-1.32899
100,3,0.402786,0,0,0,0,1.12895,1.12895
100,4,-0.265066,0,0,0,0,-0.742941,-0.742941
100,5,-0.189388,0,0,0,0,-0.530826,-0.530826
100,6,-0.19246,0,0,0,0,-0.539437,-0.539437
100,7,-0.37133,0,0,0,0,-1.04078,-1.04078
100,8,-0.539742,0,0,0,0,-1.51282,-1.51282
100,9,0.00890847,0,0,0,0,0.0249691,0.0249691
100,10,-0.123632,0,0,0,0,-0.346522,-0.346522
100,11,-0.59342,0,0,0,0,-1.66327,-1.66327
100,12,-0.230547,0,0,0,0,-0.646189,-0.646189
100,13,-0.012358,0,0,0,0,-0.0346376,-0.0346376
100,14,0.330305,0,0,0,0,0.925796,0.925796
100,15,-0.188836,0,0,0,0,-0.529279,-0.529279
100,16,-0.585642,0,0,0,0,-1.64147,-1.64147
100,17,0.161074,0,0,0,0,0.451467,0.451467
100,18,0.530318,0,0,0,0,1.4864,1.4864
100,19,0.377821,0,0,0,0,1.05898,1.05898
100,20,0.129774,0,0,0,0,0.363737,0.363737
100,21,-0.179462,0,0,0,0,-0.503005,-0.503005
