id,time,yG2,popPred_medianCOV,popPred,indivPred_SAEM,indivPred_mean,indWRes_SAEM,indWRes_mean
1,1,-0.16985,0,0,0,0,-0.506528,-0.506528
1,2,0.0368175,0,0,0,0,0.109797,0.109797
1,3,0.244185,0,0,0,0,0.72821,0.72821
1,4,-0.0424575,0,0,0,0,-0.126617,-0.126617
1,5,-0.186157,0,0,0,0,-0.555159,-0.555159
1,6,-0.466453,0,0,0,0,-1.39106,-1.39106
1,7,-0.00737202,0,0,0,0,-0.0219849,-0.0219849
1,8,-0.198244,0,0,0,0,-0.591204,-0.591204
1,9,-0.0391343,0,0,0,0,-0.116707,-0.116707
1,10,-0.208031,0,0,0,0,-0.620391,-0.620391
1,11,0.141468,0,0,0,0,0.421887,0.421887
1,12,0.249703,0,0,0,0,0.744666,0.744666
1,13,-0.292803,0,0,0,0,-0.873199,-0.873199
1,14,0.141317,0,0,0,0,0.421436,0.421436
1,15,-0.180551,0,0,0,0,-0.53844,-0.53844
1,16,0.510083,0,0,0,0,1.52117,1.52117
1,17,0.637672,0,0,0,0,1.90167,1.90167
1,18,-0.620479,0,0,0,0,-1.8504,-1.8504
1,19,-0.273802,0,0,0,0,-0.816534,-0.816534
1,20,-0.0493309,0,0,0,0,-0.147115,-0.147115
1,21,-0.140376,0,0,0,0,-0.41863,-0.41863
2,1,-0.154936,0,0,0,0,-0.462051,-0.462051
2,2,-0.0082355,0,0,0,0,-0.02456,-0.02456
2,3,-0.629667,0,0,0,0,-1.8778,-1.8778
2,4,0.277093,0,0,0,0,0.826348,0.826348
2,5,0.317904,0,0,0,0,0.948055,0.948055
2,6,0.317195,0,0,0,0,0.945941,0.945941
2,7,-0.132253,0,0,0,0,-0.394406,-0.394406
2,8,-0.373894,0,0,0,0,-1.11503,-1.11503
2,9,0.672443,0,0,0,0,2.00536,2.00536
2,10,0.0705296,0,0,0,0,0.210334,0.210334
2,11,-0.509705,0,0,0,0,-1.52005,-1.52005
2,12,0.677016,0,0,0,0,2.019,2.019
2,13,-0.480219,0,0,0,0,-1.43211,-1.43211
2,14,-0.514219,0,0,0,0,-1.53351,-1.53351
2,15,0.336975,0,0,0,0,1.00493,1.00493
2,16,0.0533178,0,0,0,0,0.159005,0.159005
2,17,0.0772362,0,0,0,0,0.230334,0.230334
2,18,0.765913,0,0,0,0,2.28411,2.28411
2,19,0.325001,0,0,0,0,0.96922,0.96922
2,20,-0.288152,0,0,0,0,-0.859329,-0.859329
2,21,0.0506313,0,0,0,0,0.150993,0.150993
3,1,-0.324,0,0,0,0,-0.966235,-0.966235
3,2,-0.213951,0,0,0,0,-0.638046,-0.638046
3,3,-0.558809,0,0,0,0,-1.66648,-1.66648
3,4,0.0595791,0,0,0,0,0.177677,0.177677
3,5,-0.12742,0,0,0,0,-0.379993,-0.379993
3,6,0.218705,0,0,0,0,0.652223,0.652223
3,7,0.721943,0,0,0,0,2.15298,2.15298
3,8,0.098524,0,0,0,0,0.293819,0.293819
3,9,0.515176,0,0,0,0,1.53636,1.53636
3,10,-0.471401,0,0,0,0,-1.40582,-1.40582
3,11,-0.330307,0,0,0,0,-0.985044,-0.985044
3,12,0.0457063,0,0,0,0,0.136306,0.136306
3,13,-0.445648,0,0,0,0,-1.32901,-1.32901
3,14,-0.187005,0,0,0,0,-0.557687,-0.557687
3,15,0.245722,0,0,0,0,0.732794,0.732794
3,16,-0.509213,0,0,0,0,-1.51858,-1.51858
3,17,0.393316,0,0,0,0,1.17295,1.17295
3,18,0.0514345,0,0,0,0,0.153388,0.153388
3,19,-0.159387,0,0,0,0,-0.475325,-0.475325
3,20,0.171521,0,0,0,0,0.511511,0.511511
3,21,0.0428258,0,0,0,0,0.127715,0.127715
4,1,-0.191829,0,0,0,0,-0.572074,-0.572074
4,2,-0.147568,0,0,0,0,-0.440078,-0.440078
4,3,-0.0287721,0,0,0,0,-0.0858043,-0.0858043
4,4,0.0810144,0,0,0,0,0.241602,0.241602
4,5,0.206735,0,0,0,0,0.616526,0.616526
4,6,0.22107,0,0,0,0,0.659276,0.659276
4,7,-0.306463,0,0,0,0,-0.913936,-0.913936
4,8,0.301649,0,0,0,0,0.89958,0.89958
4,9,0.124616,0,0,0,0,0.371631,0.371631
4,10,0.136336,0,0,0,0,0.406582,0.406582
4,11,-0.1516,0,0,0,0,-0.452102,-0.452102
4,12,0.571415,0,0,0,0,1.70408,1.70408
4,13,0.175219,0,0,0,0,0.522539,0.522539
4,14,-0.112748,0,0,0,0,-0.336238,-0.336238
4,15,0.224179,0,0,0,0,0.668548,0.668548
4,16,0.15435,0,0,0,0,0.460304,0.460304
4,17,-0.231828,0,0,0,0,-0.691359,-0.691359
4,18,-0.61471,0,0,0,0,-1.83319,-1.83319
4,19,0.910619,0,0,0,0,2.71565,2.71565
4,20,0.411609,0,0,0,0,1.2275,1.2275
4,21,-0.58071,0,0,0,0,-1.7318,-1.7318
5,1,-0.476432,0,0,0,0,-1.42082,-1.42082
5,2,-0.290679,0,0,0,0,-0.866865,-0.866865
5,3,0.440119,0,0,0,0,1.31253,1.31253
5,4,0.0546186,0,0,0,0,0.162884,0.162884
5,5,0.0556738,0,0,0,0,0.166031,0.166031
5,6,0.531142,0,0,0,0,1.58397,1.58397
5,7,-0.644937,0,0,0,0,-1.92334,-1.92334
5,8,0.461032,0,0,0,0,1.37489,1.37489
5,9,0.232234,0,0,0,0,0.69257,0.69257
5,10,-0.342301,0,0,0,0,-1.02081,-1.02081
5,11,0.223241,0,0,0,0,0.665751,0.665751
5,12,-0.235392,0,0,0,0,-0.701987,-0.701987
5,13,-0.186684,0,0,0,0,-0.55673,-0.55673
5,14,0.161768,0,0,0,0,0.482426,0.482426
5,15,0.222134,0,0,0,0,0.662449,0.662449
5,16,-0.726934,0,0,0,0,-2.16787,-2.16787
5,17,-0.278679,0,0,0,0,-0.831078,-0.831078
5,18,-0.327953,0,0,0,0,-0.978023,-0.978023
5,19,-0.0994362,0,0,0,0,-0.296539,-0.296539
5,20,-0.262663,0,0,0,0,-0.783315,-0.783315
5,21,-0.134191,0,0,0,0,-0.400185,-0.400185
6,1,-0.150483,0,0,0,0,-0.448771,-0.448771
6,2,0.0336833,0,0,0,0,0.100451,0.100451
6,3,-0.343612,0,0,0,0,-1.02472,-1.02472
6,4,0.3557,0,0,0,0,1.06077,1.06077
6,5,-0.119989,0,0,0,0,-0.357832,-0.357832
6,6,-0.0867543,0,0,0,0,-0.258719,-0.258719
6,7,-0.069063,0,0,0,0,-0.20596,-0.20596
6,8,-0.0891639,0,0,0,0,-0.265905,-0.265905
6,9,-0.405983,0,0,0,0,-1.21073,-1.21073
6,10,-0.621655,0,0,0,0,-1.8539,-1.8539
6,11,0.0925643,0,0,0,0,0.276046,0.276046
6,12,-0.809103,0,0,0,0,-2.41291,-2.41291
6,13,0.432424,0,0,0,0,1.28958,1.28958
6,14,-0.194263,0,0,0,0,-0.579332,-0.579332
6,15,0.441165,0,0,0,0,1.31565,1.31565
6,16,0.078118,0,0,0,0,0.232964,0.232964
6,17,-0.0775219,0,0,0,0,-0.231186,-0.231186
6,18,-0.0239672,0,0,0,0,-0.0714751,-0.0714751
6,19,0.0397845,0,0,0,0,0.118646,0.118646
6,20,0.301482,0,0,0,0,0.899082,0.899082
6,21,-0.240815,0,0,0,0,-0.71816,-0.71816
7,1,-0.999838,0,0,0,0,-2.98172,-2.98172
7,2,-0.0836584,0,0,0,0,-0.249487,-0.249487
7,3,0.116064,0,0,0,0,0.346127,0.346127
7,4,-0.412188,0,0,0,0,-1.22923,-1.22923
7,5,0.250591,0,0,0,0,0.747314,0.747314
7,6,0.261357,0,0,0,0,0.77942,0.77942
7,7,-0.0606766,0,0,0,0,-0.18095,-0.18095
7,8,0.423634,0,0,0,0,1.26336,1.26336
7,9,0.0429984,0,0,0,0,0.12823,0.12823
7,10,-0.120402,0,0,0,0,-0.359064,-0.359064
7,11,-0.238738,0,0,0,0,-0.711966,-0.711966
7,12,-0.207284,0,0,0,0,-0.618164,-0.618164
7,13,-0.297022,0,0,0,0,-0.885781,-0.885781
7,14,-0.28037,0,0,0,0,-0.836121,-0.836121
7,15,-0.449522,0,0,0,0,-1.34057,-1.34057
7,16,-0.116166,0,0,0,0,-0.346431,-0.346431
7,17,-0.249757,0,0,0,0,-0.744827,-0.744827
7,18,0.567221,0,0,0,0,1.69157,1.69157
7,19,-0.132223,0,0,0,0,-0.394316,-0.394316
7,20,-0.416999,0,0,0,0,-1.24358,-1.24358
7,21,-0.0981957,0,0,0,0,-0.29284,-0.29284
8,1,0.395944,0,0,0,0,1.18079,1.18079
8,2,-0.0511782,0,0,0,0,-0.152624,-0.152624
8,3,-0.565366,0,0,0,0,-1.68604,-1.68604
8,4,-0.288323,0,0,0,0,-0.859839,-0.859839
8,5,0.167063,0,0,0,0,0.498216,0.498216
8,6,-0.331032,0,0,0,0,-0.987206,-0.987206
8,7,0.461895,0,0,0,0,1.37747,1.37747
8,8,-0.110726,0,0,0,0,-0.330208,-0.330208
8,9,0.33729,0,0,0,0,1.00587,1.00587
8,10,0.115502,0,0,0,0,0.344451,0.344451
8,11,0.923382,0,0,0,0,2.75372,2.75372
8,12,-0.425426,0,0,0,0,-1.26871,-1.26871
8,13,-0.136823,0,0,0,0,-0.408034,-0.408034
8,14,-0.192724,0,0,0,0,-0.574743,-0.574743
8,15,0.146835,0,0,0,0,0.437892,0.437892
8,16,0.00599009,0,0,0,0,0.0178637,0.0178637
8,17,-0.50319,0,0,0,0,-1.50062,-1.50062
8,18,-0.295413,0,0,0,0,-0.880982,-0.880982
8,19,0.0237123,0,0,0,0,0.070715,0.070715
8,20,-0.0749162,0,0,0,0,-0.223416,-0.223416
8,21,0.0181299,0,0,0,0,0.0540671,0.0540671
9,1,-0.021782,0,0,0,0,-0.0649584,-0.0649584
9,2,0.19312,0,0,0,0,0.575924,0.575924
9,3,0.0319518,0,0,0,0,0.0952869,0.0952869
9,4,0.234944,0,0,0,0,0.700651,0.700651
9,5,0.449684,0,0,0,0,1.34105,1.34105
9,6,0.10555,0,0,0,0,0.314772,0.314772
9,7,-0.281459,0,0,0,0,-0.839369,-0.839369
9,8,-0.19491,0,0,0,0,-0.581262,-0.581262
9,9,0.159005,0,0,0,0,0.474186,0.474186
9,10,0.333157,0,0,0,0,0.993543,0.993543
9,11,-0.334174,0,0,0,0,-0.996576,-0.996576
9,12,0.318854,0,0,0,0,0.950888,0.950888
9,13,0.204129,0,0,0,0,0.608755,0.608755
9,14,0.0117484,0,0,0,0,0.0350362,0.0350362
9,15,0.237571,0,0,0,0,0.708486,0.708486
9,16,-0.765951,0,0,0,0,-2.28422,-2.28422
9,17,0.435256,0,0,0,0,1.29802,1.29802
9,18,0.0242537,0,0,0,0,0.0723295,0.0723295
9,19,-0.176905,0,0,0,0,-0.527567,-0.527567
9,20,0.055529,0,0,0,0,0.165599,0.165599
9,21,0.312469,0,0,0,0,0.931847,0.931847
10,1,0.135258,0,0,0,0,0.403367,0.403367
10,2,-0.182247,0,0,0,0,-0.543498,-0.543498
10,3,0.218859,0,0,0,0,0.652683,0.652683
10,4,0.0812006,0,0,0,0,0.242157,0.242157
10,5,0.0487881,0,0,0,0,0.145496,0.145496
10,6,-0.080129,0,0,0,0,-0.238961,-0.238961
10,7,0.21886,0,0,0,0,0.652686,0.652686
10,8,-0.124061,0,0,0,0,-0.369975,-0.369975
10,9,-0.169004,0,0,0,0,-0.504005,-0.504005
10,10,0.411897,0,0,0,0,1.22836,1.22836
10,11,-0.461749,0,0,0,0,-1.37703,-1.37703
10,12,-0.398957,0,0,0,0,-1.18977,-1.18977
10,13,0.449358,0,0,0,0,1.34008,1.34008
10,14,0.358331,0,0,0,0,1.06862,1.06862
10,15,-0.277783,0,0,0,0,-0.828406,-0.828406
10,16,-0.46034,0,0,0,0,-1.37283,-1.37283
10,17,-0.303656,0,0,0,0,-0.905565,-0.905565
10,18,0.466268,0,0,0,0,1.39051,1.39051
10,19,-0.204492,0,0,0,0,-0.609837,-0.609837
10,20,0.407152,0,0,0,0,1.21421,1.21421
10,21,-0.521852,0,0,0,0,-1.55627,-1.55627
11,1,0.741007,0,0,0,0,2.20984,2.20984
11,2,0.462745,0,0,0,0,1.38,1.38
11,3,-0.150115,0,0,0,0,-0.447674,-0.447674
11,4,0.124948,0,0,0,0,0.372621,0.372621
11,5,0.280649,0,0,0,0,0.836953,0.836953
11,6,-0.0768719,0,0,0,0,-0.229248,-0.229248
11,7,0.431191,0,0,0,0,1.2859,1.2859
11,8,-0.458246,0,0,0,0,-1.36658,-1.36658
11,9,-0.246955,0,0,0,0,-0.736471,-0.736471
11,10,0.129975,0,0,0,0,0.387612,0.387612
11,11,0.0093327,0,0,0,0,0.027832,0.027832
11,12,-0.375611,0,0,0,0,-1.12015,-1.12015
11,13,-0.254001,0,0,0,0,-0.757483,-0.757483
11,14,0.806377,0,0,0,0,2.40478,2.40478
11,15,-0.0155522,0,0,0,0,-0.0463799,-0.0463799
11,16,-0.24684,0,0,0,0,-0.736128,-0.736128
11,17,0.0159738,0,0,0,0,0.0476372,0.0476372
11,18,0.0552046,0,0,0,0,0.164632,0.164632
11,19,-0.420426,0,0,0,0,-1.2538,-1.2538
11,20,-0.384952,0,0,0,0,-1.14801,-1.14801
11,21,0.166732,0,0,0,0,0.497229,0.497229
12,1,-0.269954,0,0,0,0,-0.805059,-0.805059
12,2,0.359718,0,0,0,0,1.07275,1.07275
12,3,-0.241808,0,0,0,0,-0.721121,-0.721121
12,4,0.308987,0,0,0,0,0.921463,0.921463
12,5,-0.114511,0,0,0,0,-0.341495,-0.341495
12,6,-0.0618048,0,0,0,0,-0.184315,-0.184315
12,7,-0.125686,0,0,0,0,-0.374822,-0.374822
12,8,-0.465548,0,0,0,0,-1.38836,-1.38836
12,9,0.449953,0,0,0,0,1.34185,1.34185
12,10,0.442712,0,0,0,0,1.32026,1.32026
12,11,-0.805562,0,0,0,0,-2.40235,-2.40235
12,12,-0.304565,0,0,0,0,-0.908276,-0.908276
12,13,0.107376,0,0,0,0,0.320217,0.320217
12,14,0.800994,0,0,0,0,2.38873,2.38873
12,15,-0.459563,0,0,0,0,-1.37051,-1.37051
12,16,-0.0878685,0,0,0,0,-0.262042,-0.262042
12,17,-0.213324,0,0,0,0,-0.636176,-0.636176
12,18,0.560078,0,0,0,0,1.67027,1.67027
12,19,-0.0271106,0,0,0,0,-0.0808494,-0.0808494
12,20,0.387969,0,0,0,0,1.157,1.157
12,21,0.0780931,0,0,0,0,0.23289,0.23289
13,1,0.346031,0,0,0,0,1.03194,1.03194
13,2,-0.760591,0,0,0,0,-2.26824,-2.26824
13,3,0.234153,0,0,0,0,0.698293,0.698293
13,4,-0.330527,0,0,0,0,-0.9857,-0.9857
13,5,0.419715,0,0,0,0,1.25168,1.25168
13,6,-0.0314804,0,0,0,0,-0.093881,-0.093881
13,7,-0.196153,0,0,0,0,-0.584969,-0.584969
13,8,0.616887,0,0,0,0,1.83968,1.83968
13,9,-0.0787112,0,0,0,0,-0.234733,-0.234733
13,10,-0.133322,0,0,0,0,-0.397594,-0.397594
13,11,0.346488,0,0,0,0,1.0333,1.0333
13,12,0.318367,0,0,0,0,0.949436,0.949436
13,13,0.57765,0,0,0,0,1.72267,1.72267
13,14,-0.327122,0,0,0,0,-0.975545,-0.975545
13,15,-0.0643608,0,0,0,0,-0.191937,-0.191937
13,16,-0.709698,0,0,0,0,-2.11647,-2.11647
13,17,-0.363176,0,0,0,0,-1.08307,-1.08307
13,18,0.455971,0,0,0,0,1.3598,1.3598
13,19,-0.27897,0,0,0,0,-0.831946,-0.831946
13,20,0.113602,0,0,0,0,0.338785,0.338785
13,21,-0.321778,0,0,0,0,-0.959608,-0.959608
14,1,0.417289,0,0,0,0,1.24444,1.24444
14,2,0.371392,0,0,0,0,1.10757,1.10757
14,3,0.635958,0,0,0,0,1.89656,1.89656
14,4,-0.188364,0,0,0,0,-0.56174,-0.56174
14,5,-0.270994,0,0,0,0,-0.80816,-0.80816
14,6,-0.401064,0,0,0,0,-1.19606,-1.19606
14,7,-0.460049,0,0,0,0,-1.37196,-1.37196
14,8,0.769477,0,0,0,0,2.29474,2.29474
14,9,-0.27519,0,0,0,0,-0.820673,-0.820673
14,10,0.112458,0,0,0,0,0.335373,0.335373
14,11,-0.19684,0,0,0,0,-0.587017,-0.587017
14,12,-0.0410177,0,0,0,0,-0.122323,-0.122323
14,13,0.0259581,0,0,0,0,0.0774124,0.0774124
14,14,-0.217509,0,0,0,0,-0.648657,-0.648657
14,15,0.13021,0,0,0,0,0.388313,0.388313
14,16,-0.110933,0,0,0,0,-0.330825,-0.330825
14,17,-0.241723,0,0,0,0,-0.720868,-0.720868
14,18,0.239967,0,0,0,0,0.715631,0.715631
14,19,-0.243665,0,0,0,0,-0.726659,-0.726659
14,20,-0.104091,0,0,0,0,-0.310421,-0.310421
14,21,0.0216191,0,0,0,0,0.0644726,0.0644726
15,1,0.13011,0,0,0,0,0.388015,0.388015
15,2,0.413661,0,0,0,0,1.23362,1.23362
15,3,-0.178228,0,0,0,0,-0.531513,-0.531513
15,4,0.525188,0,0,0,0,1.56622,1.56622
15,5,0.116781,0,0,0,0,0.348265,0.348265
15,6,-0.658375,0,0,0,0,-1.96341,-1.96341
15,7,-0.159045,0,0,0,0,-0.474305,-0.474305
15,8,-0.626706,0,0,0,0,-1.86897,-1.86897
15,9,0.33231,0,0,0,0,0.991017,0.991017
15,10,-0.0506087,0,0,0,0,-0.150926,-0.150926
15,11,0.24764,0,0,0,0,0.738514,0.738514
15,12,0.638352,0,0,0,0,1.9037,1.9037
15,13,-0.221621,0,0,0,0,-0.66092,-0.66092
15,14,0.203873,0,0,0,0,0.607991,0.607991
15,15,0.12506,0,0,0,0,0.372955,0.372955
15,16,0.0184588,0,0,0,0,0.0550479,0.0550479
15,17,0.719625,0,0,0,0,2.14607,2.14607
15,18,0.0605992,0,0,0,0,0.180719,0.180719
15,19,-0.174534,0,0,0,0,-0.520496,-0.520496
15,20,-0.125634,0,0,0,0,-0.374666,-0.374666
15,21,-0.198118,0,0,0,0,-0.590829,-0.590829
16,1,-0.416895,0,0,0,0,-1.24327,-1.24327
16,2,-0.565951,0,0,0,0,-1.68778,-1.68778
16,3,0.325207,0,0,0,0,0.969834,0.969834
16,4,0.349007,0,0,0,0,1.04081,1.04081
16,5,0.715122,0,0,0,0,2.13264,2.13264
16,6,0.0801543,0,0,0,0,0.239037,0.239037
16,7,0.291583,0,0,0,0,0.869561,0.869561
16,8,-0.252693,0,0,0,0,-0.753583,-0.753583
16,9,-0.0265591,0,0,0,0,-0.0792047,-0.0792047
16,10,0.287683,0,0,0,0,0.85793,0.85793
16,11,-0.422716,0,0,0,0,-1.26063,-1.26063
16,12,-0.255298,0,0,0,0,-0.761351,-0.761351
16,13,-0.138685,0,0,0,0,-0.413587,-0.413587
16,14,0.0794703,0,0,0,0,0.236997,0.236997
16,15,-0.0404768,0,0,0,0,-0.12071,-0.12071
16,16,-0.0395781,0,0,0,0,-0.11803,-0.11803
16,17,-0.0368181,0,0,0,0,-0.109799,-0.109799
16,18,0.0192065,0,0,0,0,0.0572777,0.0572777
16,19,0.0204663,0,0,0,0,0.0610347,0.0610347
16,20,-0.255639,0,0,0,0,-0.762368,-0.762368
16,21,-0.12486,0,0,0,0,-0.372358,-0.372358
17,1,0.394827,0,0,0,0,1.17746,1.17746
17,2,-0.387199,0,0,0,0,-1.15471,-1.15471
17,3,0.123822,0,0,0,0,0.369263,0.369263
17,4,-0.022433,0,0,0,0,-0.0668998,-0.0668998
17,5,-0.191334,0,0,0,0,-0.570597,-0.570597
17,6,-0.336292,0,0,0,0,-1.00289,-1.00289
17,7,0.397911,0,0,0,0,1.18665,1.18665
17,8,-0.0116124,0,0,0,0,-0.0346306,-0.0346306
17,9,-0.52309,0,0,0,0,-1.55996,-1.55996
17,10,-0.421818,0,0,0,0,-1.25795,-1.25795
17,11,0.0206866,0,0,0,0,0.0616917,0.0616917
17,12,0.233471,0,0,0,0,0.696259,0.696259
17,13,0.40118,0,0,0,0,1.1964,1.1964
17,14,-0.40013,0,0,0,0,-1.19327,-1.19327
17,15,-0.057592,0,0,0,0,-0.171751,-0.171751
17,16,-1.11851,0,0,0,0,-3.33563,-3.33563
17,17,-0.148939,0,0,0,0,-0.444167,-0.444167
17,18,0.25564,0,0,0,0,0.762371,0.762371
17,19,-0.100446,0,0,0,0,-0.299551,-0.299551
17,20,-0.14269,0,0,0,0,-0.425531,-0.425531
17,21,-0.288465,0,0,0,0,-0.860262,-0.860262
18,1,0.442809,0,0,0,0,1.32055,1.32055
18,2,0.165183,0,0,0,0,0.49261,0.49261
18,3,0.170228,0,0,0,0,0.507655,0.507655
18,4,0.119519,0,0,0,0,0.35643,0.35643
18,5,0.725636,0,0,0,0,2.164,2.164
18,6,0.172444,0,0,0,0,0.514264,0.514264
18,7,0.3764,0,0,0,0,1.1225,1.1225
18,8,-0.372881,0,0,0,0,-1.11201,-1.11201
18,9,-0.224814,0,0,0,0,-0.670442,-0.670442
18,10,0.115131,0,0,0,0,0.343344,0.343344
18,11,0.672045,0,0,0,0,2.00418,2.00418
18,12,0.16174,0,0,0,0,0.482342,0.482342
18,13,0.107411,0,0,0,0,0.320322,0.320322
18,14,0.0790381,0,0,0,0,0.235708,0.235708
18,15,-0.234408,0,0,0,0,-0.699053,-0.699053
18,16,0.0233623,0,0,0,0,0.0696712,0.0696712
18,17,0.385707,0,0,0,0,1.15026,1.15026
18,18,-0.342262,0,0,0,0,-1.0207,-1.0207
18,19,0.663919,0,0,0,0,1.97994,1.97994
18,20,-0.104488,0,0,0,0,-0.311605,-0.311605
18,21,-0.335904,0,0,0,0,-1.00174,-1.00174
19,1,-0.34522,0,0,0,0,-1.02952,-1.02952
19,2,-0.451929,0,0,0,0,-1.34775,-1.34775
19,3,-0.236222,0,0,0,0,-0.704463,-0.704463
19,4,-0.0348925,0,0,0,0,-0.104057,-0.104057
19,5,-0.447961,0,0,0,0,-1.33591,-1.33591
19,6,-0.158984,0,0,0,0,-0.474123,-0.474123
19,7,0.782974,0,0,0,0,2.33499,2.33499
19,8,1.00685,0,0,0,0,3.00263,3.00263
19,9,0.503524,0,0,0,0,1.50161,1.50161
19,10,0.338043,0,0,0,0,1.00811,1.00811
19,11,-0.426698,0,0,0,0,-1.2725,-1.2725
19,12,0.227933,0,0,0,0,0.679743,0.679743
19,13,-0.482246,0,0,0,0,-1.43816,-1.43816
19,14,-0.153111,0,0,0,0,-0.456609,-0.456609
19,15,-0.0163216,0,0,0,0,-0.0486744,-0.0486744
19,16,0.329297,0,0,0,0,0.982032,0.982032
19,17,-0.312984,0,0,0,0,-0.933383,-0.933383
19,18,-0.596035,0,0,0,0,-1.7775,-1.7775
19,19,0.350029,0,0,0,0,1.04386,1.04386
19,20,-0.256366,0,0,0,0,-0.764536,-0.764536
19,21,-0.549937,0,0,0,0,-1.64003,-1.64003
20,1,-0.144901,0,0,0,0,-0.432125,-0.432125
20,2,-0.527392,0,0,0,0,-1.57279,-1.57279
20,3,-0.332772,0,0,0,0,-0.992395,-0.992395
20,4,-0.414295,0,0,0,0,-1.23551,-1.23551
20,5,-0.0870029,0,0,0,0,-0.259461,-0.259461
20,6,-0.0025475,0,0,0,0,-0.00759717,-0.00759717
20,7,0.350659,0,0,0,0,1.04574,1.04574
20,8,0.0832532,0,0,0,0,0.248278,0.248278
20,9,-0.55195,0,0,0,0,-1.64603,-1.64603
20,10,0.859534,0,0,0,0,2.56331,2.56331
20,11,-0.0829617,0,0,0,0,-0.247409,-0.247409
20,12,-0.117155,0,0,0,0,-0.34938,-0.34938
20,13,-0.306356,0,0,0,0,-0.913617,-0.913617
20,14,0.550565,0,0,0,0,1.6419,1.6419
20,15,0.0326498,0,0,0,0,0.0973684,0.0973684
20,16,-0.420949,0,0,0,0,-1.25536,-1.25536
20,17,-0.128071,0,0,0,0,-0.381934,-0.381934
20,18,0.138313,0,0,0,0,0.412478,0.412478
20,19,0.264655,0,0,0,0,0.789256,0.789256
20,20,0.432565,0,0,0,0,1.29,1.29
20,21,0.273113,0,0,0,0,0.814479,0.814479
21,1,-0.499961,0,0,0,0,-1.49099,-1.49099
21,2,0.258754,0,0,0,0,0.771658,0.771658
21,3,-0.471365,0,0,0,0,-1.40571,-1.40571
21,4,0.584729,0,0,0,0,1.74378,1.74378
21,5,-0.271852,0,0,0,0,-0.810719,-0.810719
21,6,-0.36877,0,0,0,0,-1.09975,-1.09975
21,7,0.00479524,0,0,0,0,0.0143004,0.0143004
21,8,0.342316,0,0,0,0,1.02086,1.02086
21,9,-0.403405,0,0,0,0,-1.20304,-1.20304
21,10,0.359633,0,0,0,0,1.0725,1.0725
21,11,0.450439,0,0,0,0,1.3433,1.3433
21,12,-0.45692,0,0,0,0,-1.36263,-1.36263
21,13,-0.533838,0,0,0,0,-1.59202,-1.59202
21,14,0.100142,0,0,0,0,0.298644,0.298644
21,15,-0.337191,0,0,0,0,-1.00557,-1.00557
21,16,0.146035,0,0,0,0,0.435506,0.435506
21,17,0.0550567,0,0,0,0,0.16419,0.16419
21,18,0.182292,0,0,0,0,0.543632,0.543632
21,19,0.229722,0,0,0,0,0.685078,0.685078
21,20,0.526057,0,0,0,0,1.56881,1.56881
21,21,0.219336,0,0,0,0,0.654105,0.654105
22,1,-0.130153,0,0,0,0,-0.388143,-0.388143
22,2,0.752783,0,0,0,0,2.24495,2.24495
22,3,-0.466328,0,0,0,0,-1.39069,-1.39069
22,4,-0.119466,0,0,0,0,-0.356272,-0.356272
22,5,0.214896,0,0,0,0,0.640864,0.640864
22,6,0.292252,0,0,0,0,0.871556,0.871556
22,7,-0.221926,0,0,0,0,-0.661829,-0.661829
22,8,-0.0996801,0,0,0,0,-0.297267,-0.297267
22,9,-0.393738,0,0,0,0,-1.17421,-1.17421
22,10,0.212088,0,0,0,0,0.63249,0.63249
22,11,0.415552,0,0,0,0,1.23926,1.23926
22,12,0.454973,0,0,0,0,1.35682,1.35682
22,13,-0.0173456,0,0,0,0,-0.0517282,-0.0517282
22,14,0.205392,0,0,0,0,0.612521,0.612521
22,15,0.355777,0,0,0,0,1.061,1.061
22,16,-0.675262,0,0,0,0,-2.01377,-2.01377
22,17,-0.136537,0,0,0,0,-0.407181,-0.407181
22,18,0.187958,0,0,0,0,0.56053,0.56053
22,19,0.165268,0,0,0,0,0.492863,0.492863
22,20,0.116828,0,0,0,0,0.348405,0.348405
22,21,-0.183962,0,0,0,0,-0.548613,-0.548613
23,1,0.151721,0,0,0,0,0.452463,0.452463
23,2,0.79614,0,0,0,0,2.37425,2.37425
23,3,0.0872166,0,0,0,0,0.260098,0.260098
23,4,0.513634,0,0,0,0,1.53176,1.53176
23,5,-0.122288,0,0,0,0,-0.364688,-0.364688
23,6,-0.0462819,0,0,0,0,-0.138022,-0.138022
23,7,-0.384618,0,0,0,0,-1.14701,-1.14701
23,8,0.000203074,0,0,0,0,0.000605609,0.000605609
23,9,0.276257,0,0,0,0,0.823855,0.823855
23,10,-0.237206,0,0,0,0,-0.707397,-0.707397
23,11,0.162446,0,0,0,0,0.484447,0.484447
23,12,0.49647,0,0,0,0,1.48058,1.48058
23,13,-0.178931,0,0,0,0,-0.533609,-0.533609
23,14,-0.207131,0,0,0,0,-0.617707,-0.617707
23,15,0.71411,0,0,0,0,2.12962,2.12962
23,16,-0.708662,0,0,0,0,-2.11338,-2.11338
23,17,-0.54738,0,0,0,0,-1.6324,-1.6324
23,18,0.621182,0,0,0,0,1.85249,1.85249
23,19,0.516859,0,0,0,0,1.54138,1.54138
23,20,-0.07052,0,0,0,0,-0.210305,-0.210305
23,21,-0.224088,0,0,0,0,-0.668277,-0.668277
24,1,-0.39764,0,0,0,0,-1.18584,-1.18584
24,2,-0.886614,0,0,0,0,-2.64407,-2.64407
24,3,-0.107631,0,0,0,0,-0.320978,-0.320978
24,4,-0.157426,0,0,0,0,-0.469477,-0.469477
24,5,0.742318,0,0,0,0,2.21375,2.21375
24,6,-0.291271,0,0,0,0,-0.86863,-0.86863
24,7,-0.303407,0,0,0,0,-0.904822,-0.904822
24,8,0.200268,0,0,0,0,0.59724,0.59724
24,9,0.467061,0,0,0,0,1.39287,1.39287
24,10,0.185244,0,0,0,0,0.552436,0.552436
24,11,0.0913414,0,0,0,0,0.272399,0.272399
24,12,0.0275429,0,0,0,0,0.0821386,0.0821386
24,13,0.270559,0,0,0,0,0.806863,0.806863
24,14,-0.377491,0,0,0,0,-1.12576,-1.12576
24,15,0.246565,0,0,0,0,0.735308,0.735308
24,16,-0.267909,0,0,0,0,-0.79896,-0.79896
24,17,-0.540027,0,0,0,0,-1.61047,-1.61047
24,18,0.0934917,0,0,0,0,0.278812,0.278812
24,19,-0.237744,0,0,0,0,-0.709002,-0.709002
24,20,0.117337,0,0,0,0,0.349923,0.349923
24,21,0.0371581,0,0,0,0,0.110813,0.110813
25,1,-0.511648,0,0,0,0,-1.52584,-1.52584
25,2,-0.127183,0,0,0,0,-0.379286,-0.379286
25,3,-0.075613,0,0,0,0,-0.225494,-0.225494
25,4,-0.0538183,0,0,0,0,-0.160497,-0.160497
25,5,0.627284,0,0,0,0,1.87069,1.87069
25,6,0.132353,0,0,0,0,0.394704,0.394704
25,7,0.0656254,0,0,0,0,0.195708,0.195708
25,8,0.196326,0,0,0,0,0.585485,0.585485
25,9,0.515714,0,0,0,0,1.53797,1.53797
25,10,0.0508717,0,0,0,0,0.15171,0.15171
25,11,-0.726433,0,0,0,0,-2.16637,-2.16637
25,12,-0.501119,0,0,0,0,-1.49444,-1.49444
25,13,0.127896,0,0,0,0,0.381412,0.381412
25,14,-0.0471365,0,0,0,0,-0.140571,-0.140571
25,15,0.365678,0,0,0,0,1.09053,1.09053
25,16,0.01912,0,0,0,0,0.0570198,0.0570198
25,17,0.0990765,0,0,0,0,0.295467,0.295467
25,18,0.274828,0,0,0,0,0.819594,0.819594
25,19,0.169016,0,0,0,0,0.504041,0.504041
25,20,0.0527845,0,0,0,0,0.157414,0.157414
25,21,0.340125,0,0,0,0,1.01432,1.01432
26,1,-0.581709,0,0,0,0,-1.73478,-1.73478
26,2,-0.338687,0,0,0,0,-1.01003,-1.01003
26,3,0.07852,0,0,0,0,0.234163,0.234163
26,4,0.140202,0,0,0,0,0.418111,0.418111
26,5,0.228734,0,0,0,0,0.682132,0.682132
26,6,-0.490339,0,0,0,0,-1.46229,-1.46229
26,7,0.546084,0,0,0,0,1.62854,1.62854
26,8,0.0859752,0,0,0,0,0.256396,0.256396
26,9,0.153248,0,0,0,0,0.457017,0.457017
26,10,-0.207956,0,0,0,0,-0.620168,-0.620168
26,11,0.0920891,0,0,0,0,0.274629,0.274629
26,12,-0.0111607,0,0,0,0,-0.0332835,-0.0332835
26,13,-0.0753,0,0,0,0,-0.22456,-0.22456
26,14,0.510242,0,0,0,0,1.52165,1.52165
26,15,-0.475168,0,0,0,0,-1.41705,-1.41705
26,16,-0.00328325,0,0,0,0,-0.00979133,-0.00979133
26,17,0.121317,0,0,0,0,0.361792,0.361792
26,18,0.123449,0,0,0,0,0.36815,0.36815
26,19,-0.314539,0,0,0,0,-0.93802,-0.93802
26,20,0.160084,0,0,0,0,0.477404,0.477404
26,21,0.321809,0,0,0,0,0.959701,0.959701
27,1,-0.0237091,0,0,0,0,-0.0707054,-0.0707054
27,2,-0.234452,0,0,0,0,-0.699184,-0.699184
27,3,-0.00266016,0,0,0,0,-0.00793315,-0.00793315
27,4,0.260127,0,0,0,0,0.775752,0.775752
27,5,0.230187,0,0,0,0,0.686465,0.686465
27,6,0.471306,0,0,0,0,1.40553,1.40553
27,7,-0.198093,0,0,0,0,-0.590754,-0.590754
27,8,0.867504,0,0,0,0,2.58708,2.58708
27,9,-0.474449,0,0,0,0,-1.4149,-1.4149
27,10,-0.145804,0,0,0,0,-0.434818,-0.434818
27,11,0.164812,0,0,0,0,0.491503,0.491503
27,12,-0.298472,0,0,0,0,-0.890105,-0.890105
27,13,0.174819,0,0,0,0,0.521346,0.521346
27,14,-0.555272,0,0,0,0,-1.65594,-1.65594
27,15,-0.101879,0,0,0,0,-0.303824,-0.303824
27,16,0.440991,0,0,0,0,1.31513,1.31513
27,17,0.412934,0,0,0,0,1.23145,1.23145
27,18,-0.10524,0,0,0,0,-0.313847,-0.313847
27,19,-0.462911,0,0,0,0,-1.3805,-1.3805
27,20,-0.103505,0,0,0,0,-0.308673,-0.308673
27,21,0.107059,0,0,0,0,0.319272,0.319272
28,1,0.0353281,0,0,0,0,0.105356,0.105356
28,2,-0.101697,0,0,0,0,-0.303281,-0.303281
28,3,0.381621,0,0,0,0,1.13807,1.13807
28,4,0.089989,0,0,0,0,0.268366,0.268366
28,5,-0.260681,0,0,0,0,-0.777405,-0.777405
28,6,0.197741,0,0,0,0,0.589704,0.589704
28,7,0.0318147,0,0,0,0,0.094878,0.094878
28,8,0.0805896,0,0,0,0,0.240335,0.240335
28,9,-0.000132739,0,0,0,0,-0.000395855,-0.000395855
28,10,0.297483,0,0,0,0,0.887156,0.887156
28,11,-0.00542286,0,0,0,0,-0.0161721,-0.0161721
28,12,-0.0701065,0,0,0,0,-0.209072,-0.209072
28,13,-0.225568,0,0,0,0,-0.67269,-0.67269
28,14,0.323392,0,0,0,0,0.964422,0.964422
28,15,-0.3171,0,0,0,0,-0.945658,-0.945658
28,16,0.0678385,0,0,0,0,0.202308,0.202308
28,17,-0.241243,0,0,0,0,-0.719436,-0.719436
28,18,-0.0240523,0,0,0,0,-0.0717289,-0.0717289
28,19,-0.426037,0,0,0,0,-1.27053,-1.27053
28,20,-0.392156,0,0,0,0,-1.16949,-1.16949
28,21,-0.327431,0,0,0,0,-0.976467,-0.976467
29,1,-0.128848,0,0,0,0,-0.384251,-0.384251
29,2,0.0508601,0,0,0,0,0.151675,0.151675
29,3,0.498812,0,0,0,0,1.48756,1.48756
29,4,-0.104706,0,0,0,0,-0.312255,-0.312255
29,5,0.313619,0,0,0,0,0.935277,0.935277
29,6,-0.318234,0,0,0,0,-0.949039,-0.949039
29,7,-0.326525,0,0,0,0,-0.973765,-0.973765
29,8,-0.219541,0,0,0,0,-0.654717,-0.654717
29,9,-0.469013,0,0,0,0,-1.39869,-1.39869
29,10,0.502541,0,0,0,0,1.49868,1.49868
29,11,0.0691679,0,0,0,0,0.206273,0.206273
29,12,0.195096,0,0,0,0,0.581817,0.581817
29,13,0.608713,0,0,0,0,1.81531,1.81531
29,14,0.323231,0,0,0,0,0.963942,0.963942
29,15,0.0227748,0,0,0,0,0.0679192,0.0679192
29,16,0.131728,0,0,0,0,0.39284,0.39284
29,17,-0.263116,0,0,0,0,-0.784666,-0.784666
29,18,-0.174041,0,0,0,0,-0.519026,-0.519026
29,19,0.261929,0,0,0,0,0.781126,0.781126
29,20,-0.636129,0,0,0,0,-1.89707,-1.89707
29,21,0.842697,0,0,0,0,2.5131,2.5131
30,1,-0.295605,0,0,0,0,-0.881555,-0.881555
30,2,0.330056,0,0,0,0,0.984295,0.984295
30,3,0.0808422,0,0,0,0,0.241088,0.241088
30,4,0.370013,0,0,0,0,1.10346,1.10346
30,5,-0.268309,0,0,0,0,-0.800153,-0.800153
30,6,0.627761,0,0,0,0,1.87211,1.87211
30,7,0.0351963,0,0,0,0,0.104963,0.104963
30,8,-0.468542,0,0,0,0,-1.39729,-1.39729
30,9,0.229477,0,0,0,0,0.684348,0.684348
30,10,0.0641831,0,0,0,0,0.191407,0.191407
30,11,-0.576712,0,0,0,0,-1.71987,-1.71987
30,12,-0.253696,0,0,0,0,-0.756574,-0.756574
30,13,-0.235528,0,0,0,0,-0.702393,-0.702393
30,14,0.304498,0,0,0,0,0.908076,0.908076
30,15,0.708573,0,0,0,0,2.11311,2.11311
30,16,0.523183,0,0,0,0,1.56024,1.56024
30,17,-0.175277,0,0,0,0,-0.522712,-0.522712
30,18,-0.210824,0,0,0,0,-0.628721,-0.628721
30,19,-0.136837,0,0,0,0,-0.408076,-0.408076
30,20,-0.488348,0,0,0,0,-1.45635,-1.45635
30,21,-0.885199,0,0,0,0,-2.63985,-2.63985
31,1,-0.457351,0,0,0,0,-1.36392,-1.36392
31,2,0.182283,0,0,0,0,0.543605,0.543605
31,3,0.124712,0,0,0,0,0.371917,0.371917
31,4,0.0926967,0,0,0,0,0.276441,0.276441
31,5,-0.0202575,0,0,0,0,-0.060412,-0.060412
31,6,0.524258,0,0,0,0,1.56345,1.56345
31,7,0.0520841,0,0,0,0,0.155326,0.155326
31,8,0.169664,0,0,0,0,0.505973,0.505973
31,9,0.121906,0,0,0,0,0.363549,0.363549
31,10,0.924495,0,0,0,0,2.75703,2.75703
31,11,0.16667,0,0,0,0,0.497044,0.497044
31,12,0.22732,0,0,0,0,0.677915,0.677915
31,13,0.172311,0,0,0,0,0.513867,0.513867
31,14,0.872623,0,0,0,0,2.60234,2.60234
31,15,-0.00657592,0,0,0,0,-0.0196107,-0.0196107
31,16,-0.274409,0,0,0,0,-0.818344,-0.818344
31,17,0.761155,0,0,0,0,2.26992,2.26992
31,18,-0.434955,0,0,0,0,-1.29713,-1.29713
31,19,-0.256722,0,0,0,0,-0.765598,-0.765598
31,20,-0.0681411,0,0,0,0,-0.203211,-0.203211
31,21,0.0835994,0,0,0,0,0.249311,0.249311
32,1,0.348284,0,0,0,0,1.03865,1.03865
32,2,0.369033,0,0,0,0,1.10053,1.10053
32,3,0.0317731,0,0,0,0,0.0947539,0.0947539
32,4,-0.0406041,0,0,0,0,-0.12109,-0.12109
32,5,0.285644,0,0,0,0,0.851849,0.851849
32,6,0.118683,0,0,0,0,0.353937,0.353937
32,7,-0.0293439,0,0,0,0,-0.0875096,-0.0875096
32,8,0.0974215,0,0,0,0,0.290531,0.290531
32,9,-0.501613,0,0,0,0,-1.49591,-1.49591
32,10,-0.248494,0,0,0,0,-0.74106,-0.74106
32,11,-0.0601773,0,0,0,0,-0.179461,-0.179461
32,12,0.130412,0,0,0,0,0.388915,0.388915
32,13,-0.308864,0,0,0,0,-0.921096,-0.921096
32,14,0.28834,0,0,0,0,0.859889,0.859889
32,15,-0.34881,0,0,0,0,-1.04022,-1.04022
32,16,0.0489827,0,0,0,0,0.146077,0.146077
32,17,0.374018,0,0,0,0,1.1154,1.1154
32,18,0.0909218,0,0,0,0,0.271148,0.271148
32,19,-0.507257,0,0,0,0,-1.51274,-1.51274
32,20,-0.00066958,0,0,0,0,-0.00199683,-0.00199683
32,21,-0.100331,0,0,0,0,-0.299208,-0.299208
33,1,0.131898,0,0,0,0,0.393347,0.393347
33,2,0.240017,0,0,0,0,0.71578,0.71578
33,3,0.0801521,0,0,0,0,0.23903,0.23903
33,4,-0.264789,0,0,0,0,-0.789655,-0.789655
33,5,-0.135597,0,0,0,0,-0.404378,-0.404378
33,6,-0.172756,0,0,0,0,-0.515194,-0.515194
33,7,-0.123444,0,0,0,0,-0.368135,-0.368135
33,8,-0.0221437,0,0,0,0,-0.0660371,-0.0660371
33,9,0.00594302,0,0,0,0,0.0177233,0.0177233
33,10,-0.0517022,0,0,0,0,-0.154187,-0.154187
33,11,-0.559805,0,0,0,0,-1.66945,-1.66945
33,12,0.517918,0,0,0,0,1.54454,1.54454
33,13,0.358283,0,0,0,0,1.06847,1.06847
33,14,0.295499,0,0,0,0,0.881239,0.881239
33,15,0.143597,0,0,0,0,0.428236,0.428236
33,16,0.638117,0,0,0,0,1.903,1.903
33,17,-0.0751578,0,0,0,0,-0.224136,-0.224136
33,18,-0.30846,0,0,0,0,-0.919891,-0.919891
33,19,0.572577,0,0,0,0,1.70754,1.70754
33,20,-0.52477,0,0,0,0,-1.56497,-1.56497
33,21,0.252746,0,0,0,0,0.753741,0.753741
34,1,0.114867,0,0,0,0,0.342557,0.342557
34,2,0.146513,0,0,0,0,0.436932,0.436932
34,3,-0.144489,0,0,0,0,-0.430896,-0.430896
34,4,-0.250438,0,0,0,0,-0.746858,-0.746858
34,5,0.365726,0,0,0,0,1.09067,1.09067
34,6,-0.255309,0,0,0,0,-0.761384,-0.761384
34,7,0.389023,0,0,0,0,1.16015,1.16015
34,8,0.00979895,0,0,0,0,0.0292225,0.0292225
34,9,0.569615,0,0,0,0,1.69871,1.69871
34,10,-0.182185,0,0,0,0,-0.543313,-0.543313
34,11,-0.402797,0,0,0,0,-1.20122,-1.20122
34,12,0.136296,0,0,0,0,0.406463,0.406463
34,13,0.0608069,0,0,0,0,0.181339,0.181339
34,14,0.125187,0,0,0,0,0.373333,0.373333
34,15,0.0692242,0,0,0,0,0.206441,0.206441
34,16,-0.254271,0,0,0,0,-0.758289,-0.758289
34,17,0.07353,0,0,0,0,0.219282,0.219282
34,18,-0.00188102,0,0,0,0,-0.00560959,-0.00560959
34,19,-0.0285809,0,0,0,0,-0.0852341,-0.0852341
34,20,-0.302336,0,0,0,0,-0.901628,-0.901628
34,21,0.102076,0,0,0,0,0.304412,0.304412
35,1,-0.528124,0,0,0,0,-1.57497,-1.57497
35,2,-0.327882,0,0,0,0,-0.977812,-0.977812
35,3,-0.46351,0,0,0,0,-1.38228,-1.38228
35,4,-0.321418,0,0,0,0,-0.958535,-0.958535
35,5,0.158749,0,0,0,0,0.473422,0.473422
35,6,-0.395167,0,0,0,0,-1.17847,-1.17847
35,7,-0.4768,0,0,0,0,-1.42192,-1.42192
35,8,-0.56117,0,0,0,0,-1.67352,-1.67352
35,9,0.174987,0,0,0,0,0.521847,0.521847
35,10,0.18063,0,0,0,0,0.538676,0.538676
35,11,-0.226654,0,0,0,0,-0.675929,-0.675929
35,12,-0.345274,0,0,0,0,-1.02968,-1.02968
35,13,0.139053,0,0,0,0,0.414685,0.414685
35,14,0.427661,0,0,0,0,1.27537,1.27537
35,15,0.28188,0,0,0,0,0.840624,0.840624
35,16,0.125405,0,0,0,0,0.373984,0.373984
35,17,0.26814,0,0,0,0,0.799649,0.799649
35,18,0.332665,0,0,0,0,0.992076,0.992076
35,19,-0.863637,0,0,0,0,-2.57554,-2.57554
35,20,-0.102716,0,0,0,0,-0.30632,-0.30632
35,21,-0.429875,0,0,0,0,-1.28198,-1.28198
36,1,0.160752,0,0,0,0,0.479396,0.479396
36,2,0.0395421,0,0,0,0,0.117923,0.117923
36,3,0.197874,0,0,0,0,0.590101,0.590101
36,4,-4.19567e-05,0,0,0,0,-0.000125124,-0.000125124
36,5,0.126599,0,0,0,0,0.377544,0.377544
36,6,-0.0433232,0,0,0,0,-0.129199,-0.129199
36,7,0.694875,0,0,0,0,2.07226,2.07226
36,8,0.298777,0,0,0,0,0.891015,0.891015
36,9,-0.0337715,0,0,0,0,-0.100714,-0.100714
36,10,0.0389254,0,0,0,0,0.116084,0.116084
36,11,-0.240832,0,0,0,0,-0.718211,-0.718211
36,12,-0.448686,0,0,0,0,-1.33807,-1.33807
36,13,0.0521258,0,0,0,0,0.15545,0.15545
36,14,-0.185594,0,0,0,0,-0.55348,-0.55348
36,15,-0.253696,0,0,0,0,-0.756574,-0.756574
36,16,-0.251186,0,0,0,0,-0.749088,-0.749088
36,17,-0.408253,0,0,0,0,-1.21749,-1.21749
36,18,0.4039,0,0,0,0,1.20451,1.20451
36,19,-0.224899,0,0,0,0,-0.670695,-0.670695
36,20,0.0758173,0,0,0,0,0.226103,0.226103
36,21,-0.0543352,0,0,0,0,-0.162039,-0.162039
37,1,0.395113,0,0,0,0,1.17831,1.17831
37,2,0.255711,0,0,0,0,0.762583,0.762583
37,3,0.380516,0,0,0,0,1.13478,1.13478
37,4,-0.206872,0,0,0,0,-0.616935,-0.616935
37,5,0.111114,0,0,0,0,0.331365,0.331365
37,6,0.0102663,0,0,0,0,0.0306162,0.0306162
37,7,0.540311,0,0,0,0,1.61132,1.61132
37,8,0.29484,0,0,0,0,0.879274,0.879274
37,9,0.431112,0,0,0,0,1.28566,1.28566
37,10,0.298922,0,0,0,0,0.891447,0.891447
37,11,0.45718,0,0,0,0,1.36341,1.36341
37,12,-0.176294,0,0,0,0,-0.525745,-0.525745
37,13,-0.425221,0,0,0,0,-1.2681,-1.2681
37,14,-0.53646,0,0,0,0,-1.59983,-1.59983
37,15,0.30634,0,0,0,0,0.913569,0.913569
37,16,0.703363,0,0,0,0,2.09757,2.09757
37,17,0.334607,0,0,0,0,0.997867,0.997867
37,18,-0.351449,0,0,0,0,-1.04809,-1.04809
37,19,0.0513713,0,0,0,0,0.1532,0.1532
37,20,0.791541,0,0,0,0,2.36054,2.36054
37,21,0.280319,0,0,0,0,0.835969,0.835969
38,1,-0.18492,0,0,0,0,-0.55147,-0.55147
38,2,-0.857789,0,0,0,0,-2.5581,-2.5581
38,3,0.26149,0,0,0,0,0.779817,0.779817
38,4,-0.0185624,0,0,0,0,-0.0553569,-0.0553569
38,5,-0.0821001,0,0,0,0,-0.244839,-0.244839
38,6,-0.628589,0,0,0,0,-1.87458,-1.87458
38,7,0.146409,0,0,0,0,0.436622,0.436622
38,8,-0.50306,0,0,0,0,-1.50023,-1.50023
38,9,-0.0618359,0,0,0,0,-0.184407,-0.184407
38,10,0.0117285,0,0,0,0,0.0349768,0.0349768
38,11,-0.00652986,0,0,0,0,-0.0194734,-0.0194734
38,12,-0.188843,0,0,0,0,-0.563169,-0.563169
38,13,0.137013,0,0,0,0,0.408601,0.408601
38,14,0.574202,0,0,0,0,1.71239,1.71239
38,15,0.265992,0,0,0,0,0.793243,0.793243
38,16,0.658721,0,0,0,0,1.96444,1.96444
38,17,0.383467,0,0,0,0,1.14358,1.14358
38,18,0.139871,0,0,0,0,0.417124,0.417124
38,19,-0.568909,0,0,0,0,-1.6966,-1.6966
38,20,-0.497435,0,0,0,0,-1.48345,-1.48345
38,21,0.386406,0,0,0,0,1.15234,1.15234
39,1,0.452873,0,0,0,0,1.35056,1.35056
39,2,0.495006,0,0,0,0,1.47621,1.47621
39,3,0.0649728,0,0,0,0,0.193762,0.193762
39,4,-0.00825901,0,0,0,0,-0.0246301,-0.0246301
39,5,0.177983,0,0,0,0,0.530782,0.530782
39,6,-0.574714,0,0,0,0,-1.71392,-1.71392
39,7,-0.446819,0,0,0,0,-1.33251,-1.33251
39,8,-0.430246,0,0,0,0,-1.28308,-1.28308
39,9,0.433429,0,0,0,0,1.29257,1.29257
39,10,-0.0957665,0,0,0,0,-0.285595,-0.285595
39,11,0.259745,0,0,0,0,0.774613,0.774613
39,12,0.0633271,0,0,0,0,0.188854,0.188854
39,13,0.349105,0,0,0,0,1.0411,1.0411
39,14,-0.291548,0,0,0,0,-0.869456,-0.869456
39,15,0.110294,0,0,0,0,0.328919,0.328919
39,16,0.100808,0,0,0,0,0.30063,0.30063
39,17,0.229755,0,0,0,0,0.685177,0.685177
39,18,-0.130607,0,0,0,0,-0.389497,-0.389497
39,19,0.138212,0,0,0,0,0.412177,0.412177
39,20,-0.688706,0,0,0,0,-2.05386,-2.05386
39,21,-0.79959,0,0,0,0,-2.38454,-2.38454
40,1,-0.189608,0,0,0,0,-0.56545,-0.56545
40,2,0.0450842,0,0,0,0,0.13445,0.13445
40,3,-0.418175,0,0,0,0,-1.24708,-1.24708
40,4,0.126997,0,0,0,0,0.378731,0.378731
40,5,0.422389,0,0,0,0,1.25965,1.25965
40,6,-0.0114161,0,0,0,0,-0.0340452,-0.0340452
40,7,0.487439,0,0,0,0,1.45364,1.45364
40,8,0.18097,0,0,0,0,0.53969,0.53969
40,9,0.143467,0,0,0,0,0.427848,0.427848
40,10,0.165294,0,0,0,0,0.492941,0.492941
40,11,0.493101,0,0,0,0,1.47053,1.47053
40,12,-0.0954575,0,0,0,0,-0.284674,-0.284674
40,13,0.101996,0,0,0,0,0.304173,0.304173
40,14,0.00278974,0,0,0,0,0.00831958,0.00831958
40,15,-0.0289012,0,0,0,0,-0.0861893,-0.0861893
40,16,0.326991,0,0,0,0,0.975155,0.975155
40,17,0.0716118,0,0,0,0,0.213561,0.213561
40,18,-0.226332,0,0,0,0,-0.674969,-0.674969
40,19,0.536272,0,0,0,0,1.59927,1.59927
40,20,-0.238459,0,0,0,0,-0.711134,-0.711134
40,21,0.555282,0,0,0,0,1.65597,1.65597
41,1,-0.131497,0,0,0,0,-0.392151,-0.392151
41,2,-0.0936872,0,0,0,0,-0.279395,-0.279395
41,3,-0.0955041,0,0,0,0,-0.284813,-0.284813
41,4,-0.076514,0,0,0,0,-0.228181,-0.228181
41,5,0.102981,0,0,0,0,0.307111,0.307111
41,6,0.189225,0,0,0,0,0.564308,0.564308
41,7,-0.12613,0,0,0,0,-0.376146,-0.376146
41,8,-0.045982,0,0,0,0,-0.137128,-0.137128
41,9,-0.0917716,0,0,0,0,-0.273682,-0.273682
41,10,-0.0600884,0,0,0,0,-0.179196,-0.179196
41,11,-0.412549,0,0,0,0,-1.23031,-1.23031
41,12,0.485261,0,0,0,0,1.44715,1.44715
41,13,-0.315016,0,0,0,0,-0.939443,-0.939443
41,14,-0.0354722,0,0,0,0,-0.105785,-0.105785
41,15,0.259904,0,0,0,0,0.775087,0.775087
41,16,0.569808,0,0,0,0,1.69928,1.69928
41,17,0.404462,0,0,0,0,1.20619,1.20619
41,18,-0.616777,0,0,0,0,-1.83936,-1.83936
41,19,0.197562,0,0,0,0,0.589171,0.589171
41,20,-0.00603091,0,0,0,0,-0.0179854,-0.0179854
41,21,-0.502357,0,0,0,0,-1.49813,-1.49813
42,1,0.215804,0,0,0,0,0.643572,0.643572
42,2,0.0615645,0,0,0,0,0.183598,0.183598
42,3,-0.0368788,0,0,0,0,-0.10998,-0.10998
42,4,0.144413,0,0,0,0,0.430669,0.430669
42,5,0.117253,0,0,0,0,0.349673,0.349673
42,6,-0.235205,0,0,0,0,-0.70143,-0.70143
42,7,0.0257215,0,0,0,0,0.0767068,0.0767068
42,8,0.0115779,0,0,0,0,0.0345277,0.0345277
42,9,0.473307,0,0,0,0,1.4115,1.4115
42,10,0.325786,0,0,0,0,0.971561,0.971561
42,11,-0.150563,0,0,0,0,-0.44901,-0.44901
42,12,-0.0257469,0,0,0,0,-0.0767826,-0.0767826
42,13,-0.50184,0,0,0,0,-1.49659,-1.49659
42,14,-0.00431521,0,0,0,0,-0.0128688,-0.0128688
42,15,0.526255,0,0,0,0,1.5694,1.5694
42,16,0.140655,0,0,0,0,0.419462,0.419462
42,17,-0.369917,0,0,0,0,-1.10317,-1.10317
42,18,0.656899,0,0,0,0,1.95901,1.95901
42,19,0.433553,0,0,0,0,1.29294,1.29294
42,20,-0.534638,0,0,0,0,-1.5944,-1.5944
42,21,0.234082,0,0,0,0,0.698081,0.698081
43,1,0.377471,0,0,0,0,1.1257,1.1257
43,2,-0.250068,0,0,0,0,-0.745754,-0.745754
43,3,0.322179,0,0,0,0,0.960804,0.960804
43,4,-0.425036,0,0,0,0,-1.26755,-1.26755
43,5,-0.0875022,0,0,0,0,-0.26095,-0.26095
43,6,-0.710807,0,0,0,0,-2.11977,-2.11977
43,7,-0.195852,0,0,0,0,-0.584071,-0.584071
43,8,0.211812,0,0,0,0,0.631667,0.631667
43,9,-0.110578,0,0,0,0,-0.329766,-0.329766
43,10,0.287169,0,0,0,0,0.856397,0.856397
43,11,-0.00345372,0,0,0,0,-0.0102997,-0.0102997
43,12,0.126894,0,0,0,0,0.378424,0.378424
43,13,-0.229944,0,0,0,0,-0.68574,-0.68574
43,14,0.0770295,0,0,0,0,0.229718,0.229718
43,15,0.838622,0,0,0,0,2.50094,2.50094
43,16,-0.0685355,0,0,0,0,-0.204387,-0.204387
43,17,-0.0151098,0,0,0,0,-0.0450605,-0.0450605
43,18,0.258735,0,0,0,0,0.771601,0.771601
43,19,0.0302158,0,0,0,0,0.0901097,0.0901097
43,20,-0.00165102,0,0,0,0,-0.00492368,-0.00492368
43,21,0.0823044,0,0,0,0,0.245449,0.245449
44,1,0.348765,0,0,0,0,1.04009,1.04009
44,2,0.248555,0,0,0,0,0.741242,0.741242
44,3,-0.361987,0,0,0,0,-1.07952,-1.07952
44,4,-0.0307401,0,0,0,0,-0.0916733,-0.0916733
44,5,-0.350524,0,0,0,0,-1.04533,-1.04533
44,6,-0.0419068,0,0,0,0,-0.124975,-0.124975
44,7,-0.164634,0,0,0,0,-0.490973,-0.490973
44,8,-0.575324,0,0,0,0,-1.71573,-1.71573
44,9,0.464341,0,0,0,0,1.38476,1.38476
44,10,-0.31404,0,0,0,0,-0.936532,-0.936532
44,11,-0.406974,0,0,0,0,-1.21368,-1.21368
44,12,0.421482,0,0,0,0,1.25695,1.25695
44,13,-0.558441,0,0,0,0,-1.66539,-1.66539
44,14,0.663537,0,0,0,0,1.9788,1.9788
44,15,0.366685,0,0,0,0,1.09353,1.09353
44,16,-0.158938,0,0,0,0,-0.473986,-0.473986
44,17,0.236316,0,0,0,0,0.704743,0.704743
44,18,0.0258887,0,0,0,0,0.0772054,0.0772054
44,19,-0.0498266,0,0,0,0,-0.148593,-0.148593
44,20,-1.10512,0,0,0,0,-3.2957,-3.2957
44,21,0.0749039,0,0,0,0,0.223379,0.223379
45,1,0.0490632,0,0,0,0,0.146317,0.146317
45,2,-0.616469,0,0,0,0,-1.83844,-1.83844
45,3,-0.129309,0,0,0,0,-0.385626,-0.385626
45,4,-0.247356,0,0,0,0,-0.737667,-0.737667
45,5,-0.310042,0,0,0,0,-0.924609,-0.924609
45,6,-0.188707,0,0,0,0,-0.562763,-0.562763
45,7,-0.318711,0,0,0,0,-0.950462,-0.950462
45,8,0.460343,0,0,0,0,1.37284,1.37284
45,9,0.336109,0,0,0,0,1.00235,1.00235
45,10,-0.274967,0,0,0,0,-0.820008,-0.820008
45,11,-0.0666007,0,0,0,0,-0.198617,-0.198617
45,12,0.261277,0,0,0,0,0.779182,0.779182
45,13,-0.160488,0,0,0,0,-0.478608,-0.478608
45,14,0.125392,0,0,0,0,0.373945,0.373945
45,15,0.013372,0,0,0,0,0.0398781,0.0398781
45,16,-0.334344,0,0,0,0,-0.997083,-0.997083
45,17,-0.145819,0,0,0,0,-0.434862,-0.434862
45,18,0.265808,0,0,0,0,0.792694,0.792694
45,19,0.320139,0,0,0,0,0.954721,0.954721
45,20,-0.2645,0,0,0,0,-0.788794,-0.788794
45,21,0.148972,0,0,0,0,0.444265,0.444265
46,1,-0.295303,0,0,0,0,-0.880654,-0.880654
46,2,0.266181,0,0,0,0,0.793807,0.793807
46,3,-0.270899,0,0,0,0,-0.807877,-0.807877
46,4,0.139782,0,0,0,0,0.416859,0.416859
46,5,-0.235146,0,0,0,0,-0.701254,-0.701254
46,6,0.285894,0,0,0,0,0.852595,0.852595
46,7,0.301925,0,0,0,0,0.900403,0.900403
46,8,0.178959,0,0,0,0,0.533693,0.533693
46,9,0.130102,0,0,0,0,0.387991,0.387991
46,10,-0.931642,0,0,0,0,-2.77835,-2.77835
46,11,-0.420482,0,0,0,0,-1.25396,-1.25396
46,12,-0.157741,0,0,0,0,-0.470416,-0.470416
46,13,-0.633713,0,0,0,0,-1.88986,-1.88986
46,14,0.356601,0,0,0,0,1.06346,1.06346
46,15,-0.118063,0,0,0,0,-0.352088,-0.352088
46,16,0.128936,0,0,0,0,0.384514,0.384514
46,17,0.372653,0,0,0,0,1.11133,1.11133
46,18,0.106323,0,0,0,0,0.317077,0.317077
46,19,0.00110356,0,0,0,0,0.00329104,0.00329104
46,20,-0.0835957,0,0,0,0,-0.2493,-0.2493
46,21,0.348766,0,0,0,0,1.04009,1.04009
47,1,-0.263129,0,0,0,0,-0.784705,-0.784705
47,2,-0.278028,0,0,0,0,-0.829137,-0.829137
47,3,-0.115834,0,0,0,0,-0.345441,-0.345441
47,4,-0.544924,0,0,0,0,-1.62508,-1.62508
47,5,0.383136,0,0,0,0,1.14259,1.14259
47,6,-0.365867,0,0,0,0,-1.09109,-1.09109
47,7,0.371932,0,0,0,0,1.10918,1.10918
47,8,0.26663,0,0,0,0,0.795146,0.795146
47,9,-0.172944,0,0,0,0,-0.515755,-0.515755
47,10,0.511464,0,0,0,0,1.52529,1.52529
47,11,-0.386778,0,0,0,0,-1.15345,-1.15345
47,12,0.364327,0,0,0,0,1.0865,1.0865
47,13,0.161746,0,0,0,0,0.48236,0.48236
47,14,-0.173233,0,0,0,0,-0.516617,-0.516617
47,15,0.141906,0,0,0,0,0.423193,0.423193
47,16,0.366806,0,0,0,0,1.09389,1.09389
47,17,-0.18599,0,0,0,0,-0.554661,-0.554661
47,18,0.104228,0,0,0,0,0.310829,0.310829
47,19,0.298953,0,0,0,0,0.89154,0.89154
47,20,0.317965,0,0,0,0,0.948237,0.948237
47,21,-0.0988841,0,0,0,0,-0.294893,-0.294893
48,1,-0.246121,0,0,0,0,-0.733984,-0.733984
48,2,-2.01474e-05,0,0,0,0,-6.00837e-05,-6.00837e-05
48,3,-0.171434,0,0,0,0,-0.511252,-0.511252
48,4,0.311773,0,0,0,0,0.929771,0.929771
48,5,0.398808,0,0,0,0,1.18933,1.18933
48,6,-0.621735,0,0,0,0,-1.85414,-1.85414
48,7,-0.163371,0,0,0,0,-0.487206,-0.487206
48,8,0.296001,0,0,0,0,0.882736,0.882736
48,9,0.242486,0,0,0,0,0.723143,0.723143
48,10,-0.16517,0,0,0,0,-0.492571,-0.492571
48,11,0.241018,0,0,0,0,0.718765,0.718765
48,12,-0.115919,0,0,0,0,-0.345694,-0.345694
48,13,0.532822,0,0,0,0,1.58899,1.58899
48,14,-0.540335,0,0,0,0,-1.61139,-1.61139
48,15,-0.00255388,0,0,0,0,-0.0076162,-0.0076162
48,16,-0.14735,0,0,0,0,-0.439428,-0.439428
48,17,-0.172669,0,0,0,0,-0.514935,-0.514935
48,18,0.0483657,0,0,0,0,0.144236,0.144236
48,19,-0.0583895,0,0,0,0,-0.17413,-0.17413
48,20,0.0647528,0,0,0,0,0.193106,0.193106
48,21,-0.452162,0,0,0,0,-1.34844,-1.34844
49,1,-0.0175997,0,0,0,0,-0.0524859,-0.0524859
49,2,0.0669741,0,0,0,0,0.199731,0.199731
49,3,-0.558337,0,0,0,0,-1.66508,-1.66508
49,4,0.0959144,0,0,0,0,0.286037,0.286037
49,5,0.128727,0,0,0,0,0.38389,0.38389
49,6,0.107727,0,0,0,0,0.321264,0.321264
49,7,0.212673,0,0,0,0,0.634235,0.634235
49,8,-0.447412,0,0,0,0,-1.33427,-1.33427
49,9,0.0112631,0,0,0,0,0.0335889,0.0335889
49,10,0.414225,0,0,0,0,1.2353,1.2353
49,11,-0.341346,0,0,0,0,-1.01796,-1.01796
49,12,-0.129148,0,0,0,0,-0.385146,-0.385146
49,13,0.526275,0,0,0,0,1.56946,1.56946
49,14,0.389244,0,0,0,0,1.16081,1.16081
49,15,0.194071,0,0,0,0,0.57876,0.57876
49,16,-0.393071,0,0,0,0,-1.17222,-1.17222
49,17,0.542571,0,0,0,0,1.61806,1.61806
49,18,-0.0240739,0,0,0,0,-0.0717933,-0.0717933
49,19,0.159748,0,0,0,0,0.476401,0.476401
49,20,0.041083,0,0,0,0,0.122518,0.122518
49,21,0.578585,0,0,0,0,1.72546,1.72546
50,1,-0.485118,0,0,0,0,-1.44672,-1.44672
50,2,0.366205,0,0,0,0,1.0921,1.0921
50,3,0.00250814,0,0,0,0,0.00747979,0.00747979
50,4,0.304822,0,0,0,0,0.909042,0.909042
50,5,0.271163,0,0,0,0,0.808664,0.808664
50,6,-0.0513012,0,0,0,0,-0.152991,-0.152991
50,7,0.333253,0,0,0,0,0.993829,0.993829
50,8,0.142452,0,0,0,0,0.424821,0.424821
50,9,0.562097,0,0,0,0,1.67629,1.67629
50,10,0.182646,0,0,0,0,0.544688,0.544688
50,11,0.498269,0,0,0,0,1.48594,1.48594
50,12,0.00160429,0,0,0,0,0.00478432,0.00478432
50,13,-0.430957,0,0,0,0,-1.2852,-1.2852
50,14,0.0213158,0,0,0,0,0.0635681,0.0635681
50,15,0.268319,0,0,0,0,0.800183,0.800183
50,16,0.310292,0,0,0,0,0.925355,0.925355
50,17,0.352778,0,0,0,0,1.05206,1.05206
50,18,0.379817,0,0,0,0,1.13269,1.13269
50,19,0.188669,0,0,0,0,0.56265,0.56265
50,20,-0.199394,0,0,0,0,-0.594634,-0.594634
50,21,-0.322996,0,0,0,0,-0.963241,-0.963241
51,1,0.259664,0,0,0,0,0.774372,0.774372
51,2,-0.352551,0,0,0,0,-1.05138,-1.05138
51,3,0.941835,0,0,0,0,2.80875,2.80875
51,4,-0.192253,0,0,0,0,-0.573338,-0.573338
51,5,-0.306226,0,0,0,0,-0.913229,-0.913229
51,6,-0.0368407,0,0,0,0,-0.109867,-0.109867
51,7,0.331266,0,0,0,0,0.987904,0.987904
51,8,-0.0879897,0,0,0,0,-0.262403,-0.262403
51,9,-0.0770666,0,0,0,0,-0.229828,-0.229828
51,10,-0.097177,0,0,0,0,-0.289802,-0.289802
51,11,-0.103599,0,0,0,0,-0.308954,-0.308954
51,12,-0.16165,0,0,0,0,-0.482074,-0.482074
51,13,0.484946,0,0,0,0,1.44621,1.44621
51,14,0.0162974,0,0,0,0,0.0486022,0.0486022
51,15,-0.396819,0,0,0,0,-1.1834,-1.1834
51,16,0.0172164,0,0,0,0,0.0513429,0.0513429
51,17,-0.767041,0,0,0,0,-2.28747,-2.28747
51,18,0.571716,0,0,0,0,1.70498,1.70498
51,19,0.829086,0,0,0,0,2.47251,2.47251
51,20,-0.594425,0,0,0,0,-1.7727,-1.7727
51,21,-0.150673,0,0,0,0,-0.449338,-0.449338
52,1,-0.099451,0,0,0,0,-0.296583,-0.296583
52,2,0.171784,0,0,0,0,0.512295,0.512295
52,3,-0.209105,0,0,0,0,-0.623594,-0.623594
52,4,0.614816,0,0,0,0,1.83351,1.83351
52,5,0.00743738,0,0,0,0,0.0221798,0.0221798
52,6,0.200361,0,0,0,0,0.597518,0.597518
52,7,0.874471,0,0,0,0,2.60785,2.60785
52,8,-0.450817,0,0,0,0,-1.34443,-1.34443
52,9,0.977563,0,0,0,0,2.91529,2.91529
52,10,0.0440767,0,0,0,0,0.131446,0.131446
52,11,-0.299208,0,0,0,0,-0.8923,-0.8923
52,12,-0.191846,0,0,0,0,-0.572124,-0.572124
52,13,0.109902,0,0,0,0,0.32775,0.32775
52,14,-0.0735035,0,0,0,0,-0.219203,-0.219203
52,15,-0.256392,0,0,0,0,-0.764614,-0.764614
52,16,-0.0764544,0,0,0,0,-0.228003,-0.228003
52,17,0.0433691,0,0,0,0,0.129336,0.129336
52,18,-0.252652,0,0,0,0,-0.75346,-0.75346
52,19,0.386992,0,0,0,0,1.15409,1.15409
52,20,0.213681,0,0,0,0,0.637241,0.637241
52,21,0.352589,0,0,0,0,1.05149,1.05149
53,1,0.34552,0,0,0,0,1.03041,1.03041
53,2,-0.509013,0,0,0,0,-1.51798,-1.51798
53,3,0.0371049,0,0,0,0,0.110654,0.110654
53,4,0.678303,0,0,0,0,2.02284,2.02284
53,5,-0.00588374,0,0,0,0,-0.0175465,-0.0175465
53,6,0.0458159,0,0,0,0,0.136632,0.136632
53,7,0.497401,0,0,0,0,1.48335,1.48335
53,8,0.418976,0,0,0,0,1.24947,1.24947
53,9,-0.187535,0,0,0,0,-0.559268,-0.559268
53,10,0.0660194,0,0,0,0,0.196883,0.196883
53,11,-0.0876558,0,0,0,0,-0.261408,-0.261408
53,12,-0.107372,0,0,0,0,-0.320205,-0.320205
53,13,-0.176843,0,0,0,0,-0.527382,-0.527382
53,14,-0.00381662,0,0,0,0,-0.0113819,-0.0113819
53,15,-0.00910771,0,0,0,0,-0.0271611,-0.0271611
53,16,-0.228467,0,0,0,0,-0.681336,-0.681336
53,17,-0.622276,0,0,0,0,-1.85576,-1.85576
53,18,-0.29795,0,0,0,0,-0.888548,-0.888548
53,19,-0.366559,0,0,0,0,-1.09315,-1.09315
53,20,-0.344016,0,0,0,0,-1.02593,-1.02593
53,21,0.040073,0,0,0,0,0.119506,0.119506
54,1,0.10064,0,0,0,0,0.300129,0.300129
54,2,0.32717,0,0,0,0,0.975688,0.975688
54,3,0.292205,0,0,0,0,0.871416,0.871416
54,4,0.196453,0,0,0,0,0.585863,0.585863
54,5,0.200302,0,0,0,0,0.597342,0.597342
54,6,0.218246,0,0,0,0,0.650855,0.650855
54,7,-0.273142,0,0,0,0,-0.814566,-0.814566
54,8,0.302873,0,0,0,0,0.90323,0.90323
54,9,0.00454283,0,0,0,0,0.0135477,0.0135477
54,10,0.409951,0,0,0,0,1.22256,1.22256
54,11,0.438891,0,0,0,0,1.30886,1.30886
54,12,0.459135,0,0,0,0,1.36924,1.36924
54,13,-0.164756,0,0,0,0,-0.491336,-0.491336
54,14,-0.302216,0,0,0,0,-0.90127,-0.90127
54,15,0.395647,0,0,0,0,1.1799,1.1799
54,16,-0.400813,0,0,0,0,-1.19531,-1.19531
54,17,0.101342,0,0,0,0,0.302223,0.302223
54,18,-0.0318115,0,0,0,0,-0.0948685,-0.0948685
54,19,0.0630962,0,0,0,0,0.188166,0.188166
54,20,0.25273,0,0,0,0,0.753693,0.753693
54,21,-0.496252,0,0,0,0,-1.47993,-1.47993
55,1,-0.188426,0,0,0,0,-0.561925,-0.561925
55,2,-0.0188372,0,0,0,0,-0.0561764,-0.0561764
55,3,0.200062,0,0,0,0,0.596626,0.596626
55,4,-0.215674,0,0,0,0,-0.643184,-0.643184
55,5,-0.0411367,0,0,0,0,-0.122678,-0.122678
55,6,0.177618,0,0,0,0,0.529694,0.529694
55,7,0.169066,0,0,0,0,0.50419,0.50419
55,8,0.420269,0,0,0,0,1.25333,1.25333
55,9,0.155605,0,0,0,0,0.464046,0.464046
55,10,-0.513671,0,0,0,0,-1.53187,-1.53187
55,11,-0.538154,0,0,0,0,-1.60489,-1.60489
55,12,0.179371,0,0,0,0,0.534921,0.534921
55,13,-0.733382,0,0,0,0,-2.1871,-2.1871
55,14,0.000644705,0,0,0,0,0.00192264,0.00192264
55,15,0.544032,0,0,0,0,1.62242,1.62242
55,16,-0.179424,0,0,0,0,-0.535079,-0.535079
55,17,0.441321,0,0,0,0,1.31611,1.31611
55,18,-0.332128,0,0,0,0,-0.990474,-0.990474
55,19,0.306699,0,0,0,0,0.91464,0.91464
55,20,0.113813,0,0,0,0,0.339414,0.339414
55,21,-0.416138,0,0,0,0,-1.24101,-1.24101
56,1,0.0657509,0,0,0,0,0.196083,0.196083
56,2,-0.0633316,0,0,0,0,-0.188868,-0.188868
56,3,-0.0447988,0,0,0,0,-0.133599,-0.133599
56,4,0.105206,0,0,0,0,0.313746,0.313746
56,5,0.11391,0,0,0,0,0.339703,0.339703
56,6,-0.0858704,0,0,0,0,-0.256083,-0.256083
56,7,0.233596,0,0,0,0,0.696631,0.696631
56,8,0.516095,0,0,0,0,1.5391,1.5391
56,9,0.141934,0,0,0,0,0.423276,0.423276
56,10,-0.0977719,0,0,0,0,-0.291576,-0.291576
56,11,-0.35645,0,0,0,0,-1.06301,-1.06301
56,12,-0.115555,0,0,0,0,-0.344609,-0.344609
56,13,-0.28592,0,0,0,0,-0.852672,-0.852672
56,14,-0.15335,0,0,0,0,-0.457321,-0.457321
56,15,-0.10586,0,0,0,0,-0.315696,-0.315696
56,16,-0.0270998,0,0,0,0,-0.0808172,-0.0808172
56,17,-0.586284,0,0,0,0,-1.74842,-1.74842
56,18,0.214288,0,0,0,0,0.639051,0.639051
56,19,0.0693375,0,0,0,0,0.206779,0.206779
56,20,0.0101422,0,0,0,0,0.0302461,0.0302461
56,21,0.182222,0,0,0,0,0.543424,0.543424
57,1,-0.412926,0,0,0,0,-1.23143,-1.23143
57,2,0.0132221,0,0,0,0,0.039431,0.039431
57,3,0.377291,0,0,0,0,1.12516,1.12516
57,4,-0.144549,0,0,0,0,-0.431075,-0.431075
57,5,0.213494,0,0,0,0,0.636683,0.636683
57,6,-0.0181985,0,0,0,0,-0.0542717,-0.0542717
57,7,0.610223,0,0,0,0,1.81981,1.81981
57,8,-0.0557359,0,0,0,0,-0.166216,-0.166216
57,9,-0.117081,0,0,0,0,-0.34916,-0.34916
57,10,-0.145542,0,0,0,0,-0.434036,-0.434036
57,11,0.310578,0,0,0,0,0.926208,0.926208
57,12,0.118222,0,0,0,0,0.352562,0.352562
57,13,0.248889,0,0,0,0,0.742238,0.742238
57,14,0.418933,0,0,0,0,1.24934,1.24934
57,15,-0.0870665,0,0,0,0,-0.25965,-0.25965
57,16,0.481454,0,0,0,0,1.4358,1.4358
57,17,0.209758,0,0,0,0,0.625542,0.625542
57,18,-0.371594,0,0,0,0,-1.10817,-1.10817
57,19,-0.0376024,0,0,0,0,-0.112138,-0.112138
57,20,-0.466126,0,0,0,0,-1.39008,-1.39008
57,21,-0.133377,0,0,0,0,-0.397758,-0.397758
58,1,-0.440139,0,0,0,0,-1.31259,-1.31259
58,2,0.0524333,0,0,0,0,0.156367,0.156367
58,3,0.336052,0,0,0,0,1.00218,1.00218
58,4,0.0175929,0,0,0,0,0.0524657,0.0524657
58,5,0.57382,0,0,0,0,1.71125,1.71125
58,6,0.522799,0,0,0,0,1.55909,1.55909
58,7,-0.221736,0,0,0,0,-0.661262,-0.661262
58,8,0.454258,0,0,0,0,1.35469,1.35469
58,9,0.293915,0,0,0,0,0.876515,0.876515
58,10,0.328493,0,0,0,0,0.979634,0.979634
58,11,-0.225952,0,0,0,0,-0.673835,-0.673835
58,12,-0.300623,0,0,0,0,-0.89652,-0.89652
58,13,0.236133,0,0,0,0,0.704197,0.704197
58,14,-0.147733,0,0,0,0,-0.44057,-0.44057
58,15,0.844626,0,0,0,0,2.51885,2.51885
58,16,0.47881,0,0,0,0,1.42791,1.42791
58,17,0.25733,0,0,0,0,0.767411,0.767411
58,18,-0.0748117,0,0,0,0,-0.223104,-0.223104
58,19,-0.682385,0,0,0,0,-2.03501,-2.03501
58,20,0.0740313,0,0,0,0,0.220777,0.220777
58,21,0.207136,0,0,0,0,0.617722,0.617722
59,1,0.549518,0,0,0,0,1.63878,1.63878
59,2,-0.128809,0,0,0,0,-0.384135,-0.384135
59,3,0.0583964,0,0,0,0,0.17415,0.17415
59,4,-0.154996,0,0,0,0,-0.46223,-0.46223
59,5,0.077344,0,0,0,0,0.230656,0.230656
59,6,-0.432928,0,0,0,0,-1.29108,-1.29108
59,7,0.0771004,0,0,0,0,0.229929,0.229929
59,8,0.407667,0,0,0,0,1.21575,1.21575
59,9,-0.16141,0,0,0,0,-0.481358,-0.481358
59,10,0.086965,0,0,0,0,0.259348,0.259348
59,11,0.136636,0,0,0,0,0.407477,0.407477
59,12,0.2412,0,0,0,0,0.719308,0.719308
59,13,-0.118553,0,0,0,0,-0.353549,-0.353549
59,14,0.372989,0,0,0,0,1.11233,1.11233
59,15,-0.221258,0,0,0,0,-0.659837,-0.659837
59,16,-0.115935,0,0,0,0,-0.345742,-0.345742
59,17,-0.27556,0,0,0,0,-0.821777,-0.821777
59,18,-0.156768,0,0,0,0,-0.467515,-0.467515
59,19,0.458389,0,0,0,0,1.36701,1.36701
59,20,-0.490522,0,0,0,0,-1.46284,-1.46284
59,21,-0.0650352,0,0,0,0,-0.193948,-0.193948
60,1,0.0321734,0,0,0,0,0.0959477,0.0959477
60,2,0.279846,0,0,0,0,0.834558,0.834558
60,3,-0.296624,0,0,0,0,-0.884594,-0.884594
60,4,0.26043,0,0,0,0,0.776656,0.776656
60,5,-0.323362,0,0,0,0,-0.964332,-0.964332
60,6,-0.149787,0,0,0,0,-0.446696,-0.446696
60,7,0.60113,0,0,0,0,1.79269,1.79269
60,8,0.364965,0,0,0,0,1.0884,1.0884
60,9,0.82425,0,0,0,0,2.45808,2.45808
60,10,-0.0502701,0,0,0,0,-0.149916,-0.149916
60,11,-0.330982,0,0,0,0,-0.987057,-0.987057
60,12,-0.0165313,0,0,0,0,-0.0492997,-0.0492997
60,13,0.30542,0,0,0,0,0.910825,0.910825
60,14,-0.179852,0,0,0,0,-0.536356,-0.536356
60,15,0.137655,0,0,0,0,0.410516,0.410516
60,16,-0.62996,0,0,0,0,-1.87867,-1.87867
60,17,-0.402932,0,0,0,0,-1.20163,-1.20163
60,18,0.161579,0,0,0,0,0.481862,0.481862
60,19,-0.159707,0,0,0,0,-0.476279,-0.476279
60,20,0.185973,0,0,0,0,0.55461,0.55461
60,21,-0.229224,0,0,0,0,-0.683593,-0.683593
61,1,0.562369,0,0,0,0,1.6771,1.6771
61,2,0.14026,0,0,0,0,0.418284,0.418284
61,3,-0.0542771,0,0,0,0,-0.161866,-0.161866
61,4,0.0609049,0,0,0,0,0.181631,0.181631
61,5,0.0666148,0,0,0,0,0.198659,0.198659
61,6,-0.235252,0,0,0,0,-0.70157,-0.70157
61,7,0.0251809,0,0,0,0,0.0750946,0.0750946
61,8,0.181904,0,0,0,0,0.542475,0.542475
61,9,0.159544,0,0,0,0,0.475793,0.475793
61,10,-0.14585,0,0,0,0,-0.434955,-0.434955
61,11,0.324859,0,0,0,0,0.968797,0.968797
61,12,-0.333091,0,0,0,0,-0.993346,-0.993346
61,13,0.0898631,0,0,0,0,0.26799,0.26799
61,14,0.105911,0,0,0,0,0.315848,0.315848
61,15,-0.589665,0,0,0,0,-1.7585,-1.7585
61,16,-0.340578,0,0,0,0,-1.01567,-1.01567
61,17,-0.38244,0,0,0,0,-1.14051,-1.14051
61,18,-0.195879,0,0,0,0,-0.584152,-0.584152
61,19,0.290711,0,0,0,0,0.86696,0.86696
61,20,0.505941,0,0,0,0,1.50882,1.50882
61,21,-0.59212,0,0,0,0,-1.76582,-1.76582
62,1,-0.0179513,0,0,0,0,-0.0535345,-0.0535345
62,2,0.495188,0,0,0,0,1.47675,1.47675
62,3,-0.19045,0,0,0,0,-0.567961,-0.567961
62,4,0.547427,0,0,0,0,1.63254,1.63254
62,5,0.0182042,0,0,0,0,0.0542887,0.0542887
62,6,-0.531496,0,0,0,0,-1.58503,-1.58503
62,7,0.304579,0,0,0,0,0.908317,0.908317
62,8,0.251942,0,0,0,0,0.751343,0.751343
62,9,-0.0849076,0,0,0,0,-0.253212,-0.253212
62,10,0.264002,0,0,0,0,0.787308,0.787308
62,11,-0.136777,0,0,0,0,-0.407897,-0.407897
62,12,0.0629724,0,0,0,0,0.187797,0.187797
62,13,0.195399,0,0,0,0,0.58272,0.58272
62,14,0.385664,0,0,0,0,1.15013,1.15013
62,15,0.151255,0,0,0,0,0.451074,0.451074
62,16,-0.308539,0,0,0,0,-0.920127,-0.920127
62,17,0.0601967,0,0,0,0,0.179519,0.179519
62,18,-0.0296395,0,0,0,0,-0.0883911,-0.0883911
62,19,0.385663,0,0,0,0,1.15013,1.15013
62,20,-0.724587,0,0,0,0,-2.16087,-2.16087
62,21,0.115128,0,0,0,0,0.343335,0.343335
63,1,0.213201,0,0,0,0,0.635809,0.635809
63,2,0.0385023,0,0,0,0,0.114822,0.114822
63,3,-0.0726741,0,0,0,0,-0.216729,-0.216729
63,4,-0.366391,0,0,0,0,-1.09265,-1.09265
63,5,0.105649,0,0,0,0,0.315067,0.315067
63,6,-0.115299,0,0,0,0,-0.343845,-0.343845
63,7,0.161378,0,0,0,0,0.481262,0.481262
63,8,-0.5137,0,0,0,0,-1.53196,-1.53196
63,9,0.180866,0,0,0,0,0.53938,0.53938
63,10,-0.16065,0,0,0,0,-0.479091,-0.479091
63,11,-0.721101,0,0,0,0,-2.15047,-2.15047
63,12,0.0716314,0,0,0,0,0.21362,0.21362
63,13,-0.104648,0,0,0,0,-0.312082,-0.312082
63,14,0.215509,0,0,0,0,0.642692,0.642692
63,15,0.0284085,0,0,0,0,0.08472,0.08472
63,16,-0.310959,0,0,0,0,-0.927344,-0.927344
63,17,0.350757,0,0,0,0,1.04603,1.04603
63,18,0.0842963,0,0,0,0,0.251389,0.251389
63,19,0.260761,0,0,0,0,0.777643,0.777643
63,20,0.139681,0,0,0,0,0.416558,0.416558
63,21,0.179667,0,0,0,0,0.535804,0.535804
64,1,-0.370528,0,0,0,0,-1.10499,-1.10499
64,2,0.579275,0,0,0,0,1.72752,1.72752
64,3,-0.0212582,0,0,0,0,-0.0633963,-0.0633963
64,4,0.27084,0,0,0,0,0.807701,0.807701
64,5,-0.0257299,0,0,0,0,-0.0767319,-0.0767319
64,6,-0.285768,0,0,0,0,-0.852219,-0.852219
64,7,0.210508,0,0,0,0,0.627778,0.627778
64,8,0.278635,0,0,0,0,0.830947,0.830947
64,9,0.103209,0,0,0,0,0.307791,0.307791
64,10,0.0404131,0,0,0,0,0.12052,0.12052
64,11,-0.0159298,0,0,0,0,-0.0475059,-0.0475059
64,12,0.0740845,0,0,0,0,0.220935,0.220935
64,13,0.111627,0,0,0,0,0.332895,0.332895
64,14,-0.460693,0,0,0,0,-1.37388,-1.37388
64,15,0.165847,0,0,0,0,0.49459,0.49459
64,16,0.234695,0,0,0,0,0.699909,0.699909
64,17,-0.192005,0,0,0,0,-0.572599,-0.572599
64,18,-0.270254,0,0,0,0,-0.805953,-0.805953
64,19,0.199032,0,0,0,0,0.593554,0.593554
64,20,-0.189901,0,0,0,0,-0.566324,-0.566324
64,21,-0.487556,0,0,0,0,-1.45399,-1.45399
65,1,-0.0626605,0,0,0,0,-0.186867,-0.186867
65,2,-0.0303624,0,0,0,0,-0.0905469,-0.0905469
65,3,-0.014868,0,0,0,0,-0.0443394,-0.0443394
65,4,-0.190947,0,0,0,0,-0.569443,-0.569443
65,5,-0.299737,0,0,0,0,-0.893878,-0.893878
65,6,0.57053,0,0,0,0,1.70144,1.70144
65,7,-0.204666,0,0,0,0,-0.610356,-0.610356
65,8,0.221547,0,0,0,0,0.660699,0.660699
65,9,0.135655,0,0,0,0,0.404551,0.404551
65,10,-0.125465,0,0,0,0,-0.374163,-0.374163
65,11,-0.0509036,0,0,0,0,-0.151805,-0.151805
65,12,-0.113382,0,0,0,0,-0.338129,-0.338129
65,13,-0.0175124,0,0,0,0,-0.0522256,-0.0522256
65,14,0.146551,0,0,0,0,0.437045,0.437045
65,15,0.284532,0,0,0,0,0.848533,0.848533
65,16,-0.273825,0,0,0,0,-0.816603,-0.816603
65,17,-0.1532,0,0,0,0,-0.456874,-0.456874
65,18,0.243545,0,0,0,0,0.726301,0.726301
65,19,-0.370952,0,0,0,0,-1.10626,-1.10626
65,20,0.0883876,0,0,0,0,0.26359,0.26359
65,21,0.179868,0,0,0,0,0.536403,0.536403
66,1,0.87154,0,0,0,0,2.59911,2.59911
66,2,0.391771,0,0,0,0,1.16834,1.16834
66,3,0.0773534,0,0,0,0,0.230684,0.230684
66,4,0.37779,0,0,0,0,1.12665,1.12665
66,5,0.280169,0,0,0,0,0.835522,0.835522
66,6,0.82321,0,0,0,0,2.45498,2.45498
66,7,0.375379,0,0,0,0,1.11946,1.11946
66,8,0.152612,0,0,0,0,0.45512,0.45512
66,9,0.41254,0,0,0,0,1.23028,1.23028
66,10,0.228004,0,0,0,0,0.679955,0.679955
66,11,-0.128389,0,0,0,0,-0.382882,-0.382882
66,12,-0.452356,0,0,0,0,-1.34902,-1.34902
66,13,-0.365043,0,0,0,0,-1.08863,-1.08863
66,14,0.403899,0,0,0,0,1.20451,1.20451
66,15,0.932758,0,0,0,0,2.78168,2.78168
66,16,0.401532,0,0,0,0,1.19745,1.19745
66,17,0.324578,0,0,0,0,0.967959,0.967959
66,18,0.138125,0,0,0,0,0.411917,0.411917
66,19,0.363001,0,0,0,0,1.08254,1.08254
66,20,-0.139869,0,0,0,0,-0.417118,-0.417118
66,21,-0.0665387,0,0,0,0,-0.198432,-0.198432
67,1,-0.359684,0,0,0,0,-1.07265,-1.07265
67,2,0.460269,0,0,0,0,1.37262,1.37262
67,3,-0.230241,0,0,0,0,-0.686626,-0.686626
67,4,0.201912,0,0,0,0,0.602143,0.602143
67,5,0.217568,0,0,0,0,0.648833,0.648833
67,6,-0.363783,0,0,0,0,-1.08488,-1.08488
67,7,0.271679,0,0,0,0,0.810203,0.810203
67,8,0.0960977,0,0,0,0,0.286583,0.286583
67,9,-0.149057,0,0,0,0,-0.444519,-0.444519
67,10,-0.0342648,0,0,0,0,-0.102185,-0.102185
67,11,-0.0491306,0,0,0,0,-0.146518,-0.146518
67,12,0.271116,0,0,0,0,0.808524,0.808524
67,13,-0.0562602,0,0,0,0,-0.16778,-0.16778
67,14,-0.147152,0,0,0,0,-0.438838,-0.438838
67,15,-0.249602,0,0,0,0,-0.744365,-0.744365
67,16,0.573703,0,0,0,0,1.7109,1.7109
67,17,-0.0581169,0,0,0,0,-0.173317,-0.173317
67,18,0.191711,0,0,0,0,0.571722,0.571722
67,19,0.107025,0,0,0,0,0.319171,0.319171
67,20,-0.305536,0,0,0,0,-0.911171,-0.911171
67,21,-0.25181,0,0,0,0,-0.750949,-0.750949
68,1,-0.214918,0,0,0,0,-0.64093,-0.64093
68,2,-0.544073,0,0,0,0,-1.62254,-1.62254
68,3,-0.0160489,0,0,0,0,-0.0478611,-0.0478611
68,4,-0.224527,0,0,0,0,-0.669586,-0.669586
68,5,-0.456494,0,0,0,0,-1.36136,-1.36136
68,6,0.0720819,0,0,0,0,0.214963,0.214963
68,7,0.425789,0,0,0,0,1.26979,1.26979
68,8,0.408392,0,0,0,0,1.21791,1.21791
68,9,-0.162118,0,0,0,0,-0.483469,-0.483469
68,10,0.121757,0,0,0,0,0.363104,0.363104
68,11,0.0654498,0,0,0,0,0.195185,0.195185
68,12,-0.209327,0,0,0,0,-0.624256,-0.624256
68,13,0.756721,0,0,0,0,2.2567,2.2567
68,14,-0.369259,0,0,0,0,-1.10121,-1.10121
68,15,-0.355026,0,0,0,0,-1.05876,-1.05876
68,16,-0.258109,0,0,0,0,-0.769734,-0.769734
68,17,0.691438,0,0,0,0,2.06201,2.06201
68,18,0.170654,0,0,0,0,0.508925,0.508925
68,19,-0.00575624,0,0,0,0,-0.0171663,-0.0171663
68,20,0.177421,0,0,0,0,0.529106,0.529106
68,21,0.37805,0,0,0,0,1.12742,1.12742
69,1,0.285989,0,0,0,0,0.852878,0.852878
69,2,0.305119,0,0,0,0,0.909928,0.909928
69,3,-0.496716,0,0,0,0,-1.48131,-1.48131
69,4,0.401952,0,0,0,0,1.1987,1.1987
69,5,0.562146,0,0,0,0,1.67644,1.67644
69,6,0.0645809,0,0,0,0,0.192594,0.192594
69,7,0.435218,0,0,0,0,1.29791,1.29791
69,8,-0.511822,0,0,0,0,-1.52636,-1.52636
69,9,-0.237294,0,0,0,0,-0.70766,-0.70766
69,10,-0.0822866,0,0,0,0,-0.245396,-0.245396
69,11,-0.20791,0,0,0,0,-0.62003,-0.62003
69,12,-0.0568308,0,0,0,0,-0.169481,-0.169481
69,13,-0.245558,0,0,0,0,-0.732305,-0.732305
69,14,0.407608,0,0,0,0,1.21557,1.21557
69,15,0.396204,0,0,0,0,1.18156,1.18156
69,16,0.16619,0,0,0,0,0.495613,0.495613
69,17,-0.0868263,0,0,0,0,-0.258934,-0.258934
69,18,0.367792,0,0,0,0,1.09683,1.09683
69,19,-0.128693,0,0,0,0,-0.383789,-0.383789
69,20,-0.338351,0,0,0,0,-1.00903,-1.00903
69,21,-0.00557727,0,0,0,0,-0.0166326,-0.0166326
70,1,0.22011,0,0,0,0,0.656413,0.656413
70,2,-0.0948833,0,0,0,0,-0.282962,-0.282962
70,3,-0.761992,0,0,0,0,-2.27242,-2.27242
70,4,0.0521828,0,0,0,0,0.15562,0.15562
70,5,0.139768,0,0,0,0,0.416817,0.416817
70,6,0.425502,0,0,0,0,1.26893,1.26893
70,7,0.157718,0,0,0,0,0.470348,0.470348
70,8,0.205186,0,0,0,0,0.611907,0.611907
70,9,-0.423011,0,0,0,0,-1.26151,-1.26151
70,10,0.0736345,0,0,0,0,0.219593,0.219593
70,11,0.485681,0,0,0,0,1.4484,1.4484
70,12,0.135935,0,0,0,0,0.405386,0.405386
70,13,0.252906,0,0,0,0,0.754218,0.754218
70,14,-0.0337805,0,0,0,0,-0.10074,-0.10074
70,15,-0.209937,0,0,0,0,-0.626075,-0.626075
70,16,0.0569009,0,0,0,0,0.16969,0.16969
70,17,0.407066,0,0,0,0,1.21395,1.21395
70,18,0.222492,0,0,0,0,0.663517,0.663517
70,19,0.00648682,0,0,0,0,0.019345,0.019345
70,20,-0.472349,0,0,0,0,-1.40864,-1.40864
70,21,-0.586596,0,0,0,0,-1.74935,-1.74935
71,1,0.0188021,0,0,0,0,0.0560717,0.0560717
71,2,-0.16741,0,0,0,0,-0.499251,-0.499251
71,3,-0.140859,0,0,0,0,-0.420071,-0.420071
71,4,0.370811,0,0,0,0,1.10583,1.10583
71,5,0.544618,0,0,0,0,1.62416,1.62416
71,6,0.709036,0,0,0,0,2.11449,2.11449
71,7,0.594252,0,0,0,0,1.77218,1.77218
71,8,0.308727,0,0,0,0,0.920688,0.920688
71,9,-0.0178923,0,0,0,0,-0.0533585,-0.0533585
71,10,-0.309171,0,0,0,0,-0.922012,-0.922012
71,11,-0.581284,0,0,0,0,-1.73351,-1.73351
71,12,0.169278,0,0,0,0,0.504822,0.504822
71,13,-0.323703,0,0,0,0,-0.965349,-0.965349
71,14,-0.147812,0,0,0,0,-0.440806,-0.440806
71,15,0.109894,0,0,0,0,0.327727,0.327727
71,16,-0.00271724,0,0,0,0,-0.00810337,-0.00810337
71,17,-0.0374804,0,0,0,0,-0.111774,-0.111774
71,18,-0.208383,0,0,0,0,-0.621441,-0.621441
71,19,-0.208618,0,0,0,0,-0.622142,-0.622142
71,20,-0.115349,0,0,0,0,-0.343995,-0.343995
71,21,-0.0662283,0,0,0,0,-0.197506,-0.197506
72,1,0.0602335,0,0,0,0,0.179629,0.179629
72,2,0.0188812,0,0,0,0,0.0563076,0.0563076
72,3,0.117553,0,0,0,0,0.350567,0.350567
72,4,0.148328,0,0,0,0,0.442345,0.442345
72,5,-0.144421,0,0,0,0,-0.430693,-0.430693
72,6,-0.028309,0,0,0,0,-0.0844233,-0.0844233
72,7,0.0786249,0,0,0,0,0.234476,0.234476
72,8,0.189736,0,0,0,0,0.565832,0.565832
72,9,0.543948,0,0,0,0,1.62217,1.62217
72,10,-0.440564,0,0,0,0,-1.31385,-1.31385
72,11,0.236187,0,0,0,0,0.704358,0.704358
72,12,-0.135282,0,0,0,0,-0.403439,-0.403439
72,13,0.16987,0,0,0,0,0.506587,0.506587
72,14,-0.028275,0,0,0,0,-0.0843219,-0.0843219
72,15,-0.0943954,0,0,0,0,-0.281507,-0.281507
72,16,0.10381,0,0,0,0,0.309583,0.309583
72,17,-0.0784769,0,0,0,0,-0.234034,-0.234034
72,18,-0.515846,0,0,0,0,-1.53836,-1.53836
72,19,-0.456659,0,0,0,0,-1.36185,-1.36185
72,20,0.148662,0,0,0,0,0.443341,0.443341
72,21,0.747348,0,0,0,0,2.22875,2.22875
73,1,0.304171,0,0,0,0,0.907101,0.907101
73,2,0.170152,0,0,0,0,0.507428,0.507428
73,3,-0.187831,0,0,0,0,-0.560151,-0.560151
73,4,-0.0551502,0,0,0,0,-0.164469,-0.164469
73,5,0.0157943,0,0,0,0,0.0471019,0.0471019
73,6,-0.0929628,0,0,0,0,-0.277234,-0.277234
73,7,-0.133231,0,0,0,0,-0.397322,-0.397322
73,8,-0.0924213,0,0,0,0,-0.275619,-0.275619
73,9,-0.32425,0,0,0,0,-0.96698,-0.96698
73,10,0.15236,0,0,0,0,0.454369,0.454369
73,11,0.188367,0,0,0,0,0.561749,0.561749
73,12,0.343,0,0,0,0,1.0229,1.0229
73,13,0.322304,0,0,0,0,0.961177,0.961177
73,14,0.383192,0,0,0,0,1.14276,1.14276
73,15,0.324346,0,0,0,0,0.967267,0.967267
73,16,0.129463,0,0,0,0,0.386085,0.386085
73,17,0.195708,0,0,0,0,0.583642,0.583642
73,18,0.200099,0,0,0,0,0.596736,0.596736
73,19,0.342554,0,0,0,0,1.02157,1.02157
73,20,-0.0906142,0,0,0,0,-0.27023,-0.27023
73,21,0.478286,0,0,0,0,1.42635,1.42635
74,1,-0.178327,0,0,0,0,-0.531808,-0.531808
74,2,-0.129688,0,0,0,0,-0.386756,-0.386756
74,3,-0.285773,0,0,0,0,-0.852234,-0.852234
74,4,-0.110942,0,0,0,0,-0.330852,-0.330852
74,5,-0.461411,0,0,0,0,-1.37602,-1.37602
74,6,0.121578,0,0,0,0,0.362571,0.362571
74,7,-0.120573,0,0,0,0,-0.359574,-0.359574
74,8,0.0860275,0,0,0,0,0.256552,0.256552
74,9,-0.358752,0,0,0,0,-1.06987,-1.06987
74,10,0.274972,0,0,0,0,0.820023,0.820023
74,11,-0.575417,0,0,0,0,-1.71601,-1.71601
74,12,-0.789181,0,0,0,0,-2.3535,-2.3535
74,13,-0.505366,0,0,0,0,-1.50711,-1.50711
74,14,0.031496,0,0,0,0,0.0939276,0.0939276
74,15,0.0628816,0,0,0,0,0.187526,0.187526
74,16,0.0942243,0,0,0,0,0.280996,0.280996
74,17,0.448642,0,0,0,0,1.33794,1.33794
74,18,0.315711,0,0,0,0,0.941515,0.941515
74,19,0.0344596,0,0,0,0,0.102766,0.102766
74,20,-0.220603,0,0,0,0,-0.657884,-0.657884
74,21,-0.381921,0,0,0,0,-1.13897,-1.13897
75,1,-0.253812,0,0,0,0,-0.75692,-0.75692
75,2,0.372069,0,0,0,0,1.10959,1.10959
75,3,0.111481,0,0,0,0,0.332459,0.332459
75,4,-0.218757,0,0,0,0,-0.652378,-0.652378
75,5,-0.0519517,0,0,0,0,-0.154931,-0.154931
75,6,0.486075,0,0,0,0,1.44958,1.44958
75,7,0.33864,0,0,0,0,1.00989,1.00989
75,8,-0.108135,0,0,0,0,-0.322481,-0.322481
75,9,-0.346901,0,0,0,0,-1.03453,-1.03453
75,10,-0.181946,0,0,0,0,-0.5426,-0.5426
75,11,0.153254,0,0,0,0,0.457035,0.457035
75,12,0.124025,0,0,0,0,0.369868,0.369868
75,13,-1.02598,0,0,0,0,-3.05968,-3.05968
75,14,-0.181835,0,0,0,0,-0.542269,-0.542269
75,15,0.235584,0,0,0,0,0.70256,0.70256
75,16,-0.0719704,0,0,0,0,-0.214631,-0.214631
75,17,0.119042,0,0,0,0,0.355008,0.355008
75,18,0.491325,0,0,0,0,1.46523,1.46523
75,19,-0.0985675,0,0,0,0,-0.293949,-0.293949
75,20,-0.0762835,0,0,0,0,-0.227493,-0.227493
75,21,-0.645317,0,0,0,0,-1.92447,-1.92447
76,1,0.231247,0,0,0,0,0.689626,0.689626
76,2,-0.0888261,0,0,0,0,-0.264898,-0.264898
76,3,-0.382205,0,0,0,0,-1.13981,-1.13981
76,4,0.492595,0,0,0,0,1.46902,1.46902
76,5,-0.0933978,0,0,0,0,-0.278532,-0.278532
76,6,0.18107,0,0,0,0,0.539988,0.539988
76,7,0.204989,0,0,0,0,0.611319,0.611319
76,8,0.214443,0,0,0,0,0.639513,0.639513
76,9,-0.296691,0,0,0,0,-0.884794,-0.884794
76,10,0.602766,0,0,0,0,1.79757,1.79757
76,11,0.0553991,0,0,0,0,0.165212,0.165212
76,12,-0.53828,0,0,0,0,-1.60526,-1.60526
76,13,0.417475,0,0,0,0,1.245,1.245
76,14,-0.0679329,0,0,0,0,-0.20259,-0.20259
76,15,-0.307169,0,0,0,0,-0.916041,-0.916041
76,16,0.00135293,0,0,0,0,0.00403472,0.00403472
76,17,-0.273144,0,0,0,0,-0.814572,-0.814572
76,18,0.346644,0,0,0,0,1.03376,1.03376
76,19,-0.0215424,0,0,0,0,-0.0642439,-0.0642439
76,20,-0.00416134,0,0,0,0,-0.01241,-0.01241
76,21,-0.217259,0,0,0,0,-0.647911,-0.647911
77,1,0.0495882,0,0,0,0,0.147882,0.147882
77,2,-0.340624,0,0,0,0,-1.01581,-1.01581
77,3,-0.456951,0,0,0,0,-1.36272,-1.36272
77,4,0.294256,0,0,0,0,0.877532,0.877532
77,5,-0.3688,0,0,0,0,-1.09984,-1.09984
77,6,0.113618,0,0,0,0,0.338832,0.338832
77,7,0.212937,0,0,0,0,0.635022,0.635022
77,8,0.367587,0,0,0,0,1.09622,1.09622
77,9,-0.381235,0,0,0,0,-1.13692,-1.13692
77,10,0.147337,0,0,0,0,0.439389,0.439389
77,11,-0.142072,0,0,0,0,-0.423688,-0.423688
77,12,-0.321047,0,0,0,0,-0.957428,-0.957428
77,13,-0.0980658,0,0,0,0,-0.292452,-0.292452
77,14,0.384722,0,0,0,0,1.14732,1.14732
77,15,-0.1331,0,0,0,0,-0.396932,-0.396932
77,16,-0.134538,0,0,0,0,-0.40122,-0.40122
77,17,0.395125,0,0,0,0,1.17834,1.17834
77,18,-0.537821,0,0,0,0,-1.60389,-1.60389
77,19,-0.157216,0,0,0,0,-0.468851,-0.468851
77,20,0.14663,0,0,0,0,0.437281,0.437281
77,21,0.633192,0,0,0,0,1.88831,1.88831
78,1,0.0744622,0,0,0,0,0.222062,0.222062
78,2,0.476099,0,0,0,0,1.41983,1.41983
78,3,-0.285436,0,0,0,0,-0.851229,-0.851229
78,4,-0.0398834,0,0,0,0,-0.118941,-0.118941
78,5,-0.182523,0,0,0,0,-0.544321,-0.544321
78,6,0.456119,0,0,0,0,1.36024,1.36024
78,7,-0.0139208,0,0,0,0,-0.0415147,-0.0415147
78,8,0.356901,0,0,0,0,1.06435,1.06435
78,9,0.254442,0,0,0,0,0.758799,0.758799
78,10,0.272049,0,0,0,0,0.811306,0.811306
78,11,0.507239,0,0,0,0,1.51269,1.51269
78,12,-0.236002,0,0,0,0,-0.703807,-0.703807
78,13,-0.143137,0,0,0,0,-0.426864,-0.426864
78,14,-0.198415,0,0,0,0,-0.591714,-0.591714
78,15,0.386812,0,0,0,0,1.15355,1.15355
78,16,-0.148682,0,0,0,0,-0.4434,-0.4434
78,17,-0.415449,0,0,0,0,-1.23895,-1.23895
78,18,0.149144,0,0,0,0,0.444778,0.444778
78,19,-0.0879308,0,0,0,0,-0.262228,-0.262228
78,20,0.279564,0,0,0,0,0.833718,0.833718
78,21,-0.277869,0,0,0,0,-0.828663,-0.828663
79,1,0.167608,0,0,0,0,0.499842,0.499842
79,2,-0.0724387,0,0,0,0,-0.216027,-0.216027
79,3,0.194633,0,0,0,0,0.580436,0.580436
79,4,0.384955,0,0,0,0,1.14802,1.14802
79,5,0.210661,0,0,0,0,0.628235,0.628235
79,6,0.31576,0,0,0,0,0.941661,0.941661
79,7,-0.133457,0,0,0,0,-0.397996,-0.397996
79,8,-0.171914,0,0,0,0,-0.512683,-0.512683
79,9,-0.044771,0,0,0,0,-0.133516,-0.133516
79,10,-0.0965292,0,0,0,0,-0.28787,-0.28787
79,11,-0.33325,0,0,0,0,-0.99382,-0.99382
79,12,0.162584,0,0,0,0,0.484859,0.484859
79,13,-0.490399,0,0,0,0,-1.46247,-1.46247
79,14,0.099512,0,0,0,0,0.296765,0.296765
79,15,-0.392388,0,0,0,0,-1.17018,-1.17018
79,16,-0.139865,0,0,0,0,-0.417106,-0.417106
79,17,0.269224,0,0,0,0,0.802881,0.802881
79,18,-0.553776,0,0,0,0,-1.65147,-1.65147
79,19,-0.645781,0,0,0,0,-1.92585,-1.92585
79,20,0.167012,0,0,0,0,0.498064,0.498064
79,21,0.404188,0,0,0,0,1.20537,1.20537
80,1,-0.241171,0,0,0,0,-0.719222,-0.719222
80,2,-0.403707,0,0,0,0,-1.20394,-1.20394
80,3,0.79125,0,0,0,0,2.35967,2.35967
80,4,0.509138,0,0,0,0,1.51835,1.51835
80,5,0.983315,0,0,0,0,2.93245,2.93245
80,6,0.414509,0,0,0,0,1.23615,1.23615
80,7,0.0747922,0,0,0,0,0.223046,0.223046
80,8,-0.0843391,0,0,0,0,-0.251517,-0.251517
80,9,-0.0656816,0,0,0,0,-0.195876,-0.195876
80,10,0.252822,0,0,0,0,0.753967,0.753967
80,11,-0.151455,0,0,0,0,-0.45167,-0.45167
80,12,-0.250858,0,0,0,0,-0.74811,-0.74811
80,13,-0.0351314,0,0,0,0,-0.104769,-0.104769
80,14,-0.0995603,0,0,0,0,-0.296909,-0.296909
80,15,-0.0943291,0,0,0,0,-0.281309,-0.281309
80,16,-0.0357297,0,0,0,0,-0.106553,-0.106553
80,17,0.188207,0,0,0,0,0.561272,0.561272
80,18,-0.0369293,0,0,0,0,-0.110131,-0.110131
80,19,-0.109078,0,0,0,0,-0.325293,-0.325293
80,20,-0.408036,0,0,0,0,-1.21685,-1.21685
80,21,-0.645732,0,0,0,0,-1.92571,-1.92571
81,1,0.469171,0,0,0,0,1.39916,1.39916
81,2,0.476612,0,0,0,0,1.42136,1.42136
81,3,0.561693,0,0,0,0,1.67508,1.67508
81,4,-0.627386,0,0,0,0,-1.87099,-1.87099
81,5,-0.36316,0,0,0,0,-1.08302,-1.08302
81,6,-0.0975943,0,0,0,0,-0.291046,-0.291046
81,7,0.0110348,0,0,0,0,0.032908,0.032908
81,8,-0.0847187,0,0,0,0,-0.252649,-0.252649
81,9,-0.13527,0,0,0,0,-0.403403,-0.403403
81,10,-0.17557,0,0,0,0,-0.523586,-0.523586
81,11,0.506011,0,0,0,0,1.50903,1.50903
81,12,-0.0163531,0,0,0,0,-0.0487683,-0.0487683
81,13,-0.24565,0,0,0,0,-0.732579,-0.732579
81,14,-0.0931764,0,0,0,0,-0.277871,-0.277871
81,15,0.575398,0,0,0,0,1.71596,1.71596
81,16,0.0353205,0,0,0,0,0.105333,0.105333
81,17,-0.0146014,0,0,0,0,-0.0435444,-0.0435444
81,18,0.449911,0,0,0,0,1.34173,1.34173
81,19,0.0320099,0,0,0,0,0.0954601,0.0954601
81,20,0.232461,0,0,0,0,0.693247,0.693247
81,21,-0.0991794,0,0,0,0,-0.295773,-0.295773
82,1,-0.288212,0,0,0,0,-0.859508,-0.859508
82,2,0.0710363,0,0,0,0,0.211845,0.211845
82,3,-0.393944,0,0,0,0,-1.17482,-1.17482
82,4,-0.0924745,0,0,0,0,-0.275778,-0.275778
82,5,0.338656,0,0,0,0,1.00994,1.00994
82,6,-0.258538,0,0,0,0,-0.771014,-0.771014
82,7,-0.136737,0,0,0,0,-0.407778,-0.407778
82,8,0.107187,0,0,0,0,0.319654,0.319654
82,9,-0.498985,0,0,0,0,-1.48808,-1.48808
82,10,0.292602,0,0,0,0,0.8726,0.8726
82,11,-0.0150462,0,0,0,0,-0.0448709,-0.0448709
82,12,-0.162231,0,0,0,0,-0.483806,-0.483806
82,13,-0.279178,0,0,0,0,-0.832566,-0.832566
82,14,-0.00242836,0,0,0,0,-0.00724187,-0.00724187
82,15,0.208375,0,0,0,0,0.621417,0.621417
82,16,0.0977265,0,0,0,0,0.291441,0.291441
82,17,0.000967323,0,0,0,0,0.00288476,0.00288476
82,18,-0.248482,0,0,0,0,-0.741025,-0.741025
82,19,-0.51263,0,0,0,0,-1.52877,-1.52877
82,20,-0.357545,0,0,0,0,-1.06627,-1.06627
82,21,0.128675,0,0,0,0,0.383735,0.383735
83,1,0.449249,0,0,0,0,1.33975,1.33975
83,2,-0.185431,0,0,0,0,-0.552993,-0.552993
83,3,-0.109368,0,0,0,0,-0.326158,-0.326158
83,4,-0.581671,0,0,0,0,-1.73466,-1.73466
83,5,-0.534505,0,0,0,0,-1.594,-1.594
83,6,0.427348,0,0,0,0,1.27444,1.27444
83,7,-0.189963,0,0,0,0,-0.566509,-0.566509
83,8,0.370124,0,0,0,0,1.10379,1.10379
83,9,-0.273146,0,0,0,0,-0.814578,-0.814578
83,10,-0.310447,0,0,0,0,-0.925817,-0.925817
83,11,0.0532658,0,0,0,0,0.15885,0.15885
83,12,-0.0805436,0,0,0,0,-0.240198,-0.240198
83,13,0.205414,0,0,0,0,0.612587,0.612587
83,14,-0.388624,0,0,0,0,-1.15896,-1.15896
83,15,0.480805,0,0,0,0,1.43386,1.43386
83,16,-0.163774,0,0,0,0,-0.488408,-0.488408
83,17,0.435709,0,0,0,0,1.29937,1.29937
83,18,0.0972345,0,0,0,0,0.289973,0.289973
83,19,0.0329009,0,0,0,0,0.0981173,0.0981173
83,20,0.206262,0,0,0,0,0.615116,0.615116
83,21,0.213361,0,0,0,0,0.636287,0.636287
84,1,0.00148179,0,0,0,0,0.004419,0.004419
84,2,0.507275,0,0,0,0,1.5128,1.5128
84,3,-0.404078,0,0,0,0,-1.20504,-1.20504
84,4,0.252926,0,0,0,0,0.754277,0.754277
84,5,0.247025,0,0,0,0,0.736679,0.736679
84,6,0.240713,0,0,0,0,0.717856,0.717856
84,7,-0.0607357,0,0,0,0,-0.181126,-0.181126
84,8,0.441757,0,0,0,0,1.31741,1.31741
84,9,0.00881259,0,0,0,0,0.026281,0.026281
84,10,-0.0799027,0,0,0,0,-0.238286,-0.238286
84,11,0.20106,0,0,0,0,0.599602,0.599602
84,12,0.188841,0,0,0,0,0.563163,0.563163
84,13,-0.309905,0,0,0,0,-0.924201,-0.924201
84,14,0.145599,0,0,0,0,0.434206,0.434206
84,15,0.0759635,0,0,0,0,0.226539,0.226539
84,16,0.294181,0,0,0,0,0.877308,0.877308
84,17,-0.184641,0,0,0,0,-0.550638,-0.550638
84,18,-0.145433,0,0,0,0,-0.433711,-0.433711
84,19,0.115872,0,0,0,0,0.345554,0.345554
84,20,-0.466074,0,0,0,0,-1.38993,-1.38993
84,21,-0.522111,0,0,0,0,-1.55704,-1.55704
85,1,0.0746727,0,0,0,0,0.222689,0.222689
85,2,-0.0799875,0,0,0,0,-0.238539,-0.238539
85,3,-0.206117,0,0,0,0,-0.614683,-0.614683
85,4,0.800536,0,0,0,0,2.38736,2.38736
85,5,0.0774255,0,0,0,0,0.230899,0.230899
85,6,0.24812,0,0,0,0,0.739945,0.739945
85,7,-0.291982,0,0,0,0,-0.870751,-0.870751
85,8,0.636461,0,0,0,0,1.89806,1.89806
85,9,-0.13161,0,0,0,0,-0.392488,-0.392488
85,10,-0.462313,0,0,0,0,-1.37871,-1.37871
85,11,-0.070218,0,0,0,0,-0.209405,-0.209405
85,12,-0.270781,0,0,0,0,-0.807525,-0.807525
85,13,0.344732,0,0,0,0,1.02806,1.02806
85,14,-0.294004,0,0,0,0,-0.876781,-0.876781
85,15,0.0198033,0,0,0,0,0.0590575,0.0590575
85,16,0.0765939,0,0,0,0,0.228419,0.228419
85,17,0.107749,0,0,0,0,0.32133,0.32133
85,18,0.343343,0,0,0,0,1.02392,1.02392
85,19,0.184058,0,0,0,0,0.548899,0.548899
85,20,0.23115,0,0,0,0,0.689337,0.689337
85,21,0.113092,0,0,0,0,0.337264,0.337264
86,1,-0.23216,0,0,0,0,-0.692349,-0.692349
86,2,0.391382,0,0,0,0,1.16718,1.16718
86,3,-0.0953811,0,0,0,0,-0.284446,-0.284446
86,4,0.457238,0,0,0,0,1.36358,1.36358
86,5,0.67256,0,0,0,0,2.00571,2.00571
86,6,-0.242351,0,0,0,0,-0.722741,-0.722741
86,7,0.306301,0,0,0,0,0.913453,0.913453
86,8,-0.0718742,0,0,0,0,-0.214344,-0.214344
86,9,-0.246691,0,0,0,0,-0.735683,-0.735683
86,10,-0.146364,0,0,0,0,-0.436488,-0.436488
86,11,-0.761536,0,0,0,0,-2.27106,-2.27106
86,12,-0.266537,0,0,0,0,-0.794868,-0.794868
86,13,0.73664,0,0,0,0,2.19681,2.19681
86,14,0.39608,0,0,0,0,1.18119,1.18119
86,15,0.000630106,0,0,0,0,0.00187911,0.00187911
86,16,0.0616749,0,0,0,0,0.183927,0.183927
86,17,-0.115281,0,0,0,0,-0.343792,-0.343792
86,18,0.135896,0,0,0,0,0.40527,0.40527
86,19,0.105774,0,0,0,0,0.31544,0.31544
86,20,0.0254709,0,0,0,0,0.0759595,0.0759595
86,21,0.164243,0,0,0,0,0.489806,0.489806
87,1,0.244952,0,0,0,0,0.730497,0.730497
87,2,0.151638,0,0,0,0,0.452216,0.452216
87,3,0.228822,0,0,0,0,0.682394,0.682394
87,4,0.439324,0,0,0,0,1.31015,1.31015
87,5,-0.122343,0,0,0,0,-0.364852,-0.364852
87,6,0.424888,0,0,0,0,1.2671,1.2671
87,7,0.53595,0,0,0,0,1.59831,1.59831
87,8,0.225552,0,0,0,0,0.672643,0.672643
87,9,-0.656364,0,0,0,0,-1.95741,-1.95741
87,10,0.368539,0,0,0,0,1.09906,1.09906
87,11,0.12406,0,0,0,0,0.369973,0.369973
87,12,-0.535303,0,0,0,0,-1.59638,-1.59638
87,13,0.421055,0,0,0,0,1.25567,1.25567
87,14,0.234991,0,0,0,0,0.700792,0.700792
87,15,-0.407772,0,0,0,0,-1.21606,-1.21606
87,16,0.355728,0,0,0,0,1.06085,1.06085
87,17,-0.503786,0,0,0,0,-1.50239,-1.50239
87,18,-0.124643,0,0,0,0,-0.371711,-0.371711
87,19,0.154264,0,0,0,0,0.460047,0.460047
87,20,-0.0470164,0,0,0,0,-0.140213,-0.140213
87,21,-0.602437,0,0,0,0,-1.79659,-1.79659
88,1,-0.003358,0,0,0,0,-0.0100142,-0.0100142
88,2,0.137519,0,0,0,0,0.41011,0.41011
88,3,-0.140267,0,0,0,0,-0.418305,-0.418305
88,4,0.0201006,0,0,0,0,0.0599441,0.0599441
88,5,-0.226566,0,0,0,0,-0.675667,-0.675667
88,6,-0.437805,0,0,0,0,-1.30562,-1.30562
88,7,-0.47104,0,0,0,0,-1.40474,-1.40474
88,8,-0.00397713,0,0,0,0,-0.0118606,-0.0118606
88,9,-0.107274,0,0,0,0,-0.319913,-0.319913
88,10,-0.753119,0,0,0,0,-2.24596,-2.24596
88,11,-0.0972361,0,0,0,0,-0.289978,-0.289978
88,12,0.886876,0,0,0,0,2.64485,2.64485
88,13,-0.0812759,0,0,0,0,-0.242381,-0.242381
88,14,-0.381883,0,0,0,0,-1.13885,-1.13885
88,15,-0.1764,0,0,0,0,-0.526061,-0.526061
88,16,0.271349,0,0,0,0,0.809219,0.809219
88,17,0.21378,0,0,0,0,0.637536,0.637536
88,18,0.00195407,0,0,0,0,0.00582744,0.00582744
88,19,0.435965,0,0,0,0,1.30014,1.30014
88,20,-0.109481,0,0,0,0,-0.326495,-0.326495
88,21,-0.193106,0,0,0,0,-0.575882,-0.575882
89,1,-0.128365,0,0,0,0,-0.382811,-0.382811
89,2,-0.00849957,0,0,0,0,-0.0253475,-0.0253475
89,3,-0.279165,0,0,0,0,-0.832528,-0.832528
89,4,0.0608377,0,0,0,0,0.181431,0.181431
89,5,0.256667,0,0,0,0,0.765434,0.765434
89,6,0.499509,0,0,0,0,1.48964,1.48964
89,7,0.28004,0,0,0,0,0.835137,0.835137
89,8,0.26128,0,0,0,0,0.779191,0.779191
89,9,-0.19974,0,0,0,0,-0.595666,-0.595666
89,10,-0.103269,0,0,0,0,-0.307969,-0.307969
89,11,-0.398766,0,0,0,0,-1.1892,-1.1892
89,12,-0.478463,0,0,0,0,-1.42688,-1.42688
89,13,0.5296,0,0,0,0,1.57938,1.57938
89,14,-0.361446,0,0,0,0,-1.07791,-1.07791
89,15,0.0431861,0,0,0,0,0.12879,0.12879
89,16,0.342572,0,0,0,0,1.02162,1.02162
89,17,-0.491893,0,0,0,0,-1.46693,-1.46693
89,18,-0.0384672,0,0,0,0,-0.114717,-0.114717
89,19,-0.155102,0,0,0,0,-0.462546,-0.462546
89,20,0.426866,0,0,0,0,1.273,1.273
89,21,0.429557,0,0,0,0,1.28103,1.28103
90,1,-0.600624,0,0,0,0,-1.79118,-1.79118
90,2,0.163433,0,0,0,0,0.487391,0.487391
90,3,0.0417668,0,0,0,0,0.124557,0.124557
90,4,-0.542374,0,0,0,0,-1.61747,-1.61747
90,5,0.598289,0,0,0,0,1.78422,1.78422
90,6,0.171164,0,0,0,0,0.510446,0.510446
90,7,-0.206218,0,0,0,0,-0.614985,-0.614985
90,8,0.1073,0,0,0,0,0.319991,0.319991
90,9,-0.050468,0,0,0,0,-0.150506,-0.150506
90,10,-0.0628473,0,0,0,0,-0.187424,-0.187424
90,11,0.219571,0,0,0,0,0.654806,0.654806
90,12,0.373616,0,0,0,0,1.1142,1.1142
90,13,-0.0116553,0,0,0,0,-0.0347585,-0.0347585
90,14,0.117255,0,0,0,0,0.349679,0.349679
90,15,-0.250844,0,0,0,0,-0.748069,-0.748069
90,16,-0.1318,0,0,0,0,-0.393055,-0.393055
90,17,-0.0615599,0,0,0,0,-0.183584,-0.183584
90,18,-0.260456,0,0,0,0,-0.776734,-0.776734
90,19,-0.174325,0,0,0,0,-0.519873,-0.519873
90,20,0.0383271,0,0,0,0,0.114299,0.114299
90,21,-0.566228,0,0,0,0,-1.68861,-1.68861
91,1,-0.0791172,0,0,0,0,-0.235944,-0.235944
91,2,-0.0705625,0,0,0,0,-0.210432,-0.210432
91,3,0.218746,0,0,0,0,0.652346,0.652346
91,4,-0.023417,0,0,0,0,-0.0698343,-0.0698343
91,5,0.352784,0,0,0,0,1.05207,1.05207
91,6,0.539662,0,0,0,0,1.60938,1.60938
91,7,-0.364979,0,0,0,0,-1.08844,-1.08844
91,8,0.229009,0,0,0,0,0.682952,0.682952
91,9,-0.299418,0,0,0,0,-0.892926,-0.892926
91,10,0.0689829,0,0,0,0,0.205721,0.205721
91,11,-0.0129415,0,0,0,0,-0.0385942,-0.0385942
91,12,0.0991061,0,0,0,0,0.295555,0.295555
91,13,0.189197,0,0,0,0,0.564224,0.564224
91,14,0.659705,0,0,0,0,1.96738,1.96738
91,15,0.19799,0,0,0,0,0.590447,0.590447
91,16,-0.34516,0,0,0,0,-1.02934,-1.02934
91,17,0.0981055,0,0,0,0,0.292571,0.292571
91,18,0.0908877,0,0,0,0,0.271046,0.271046
91,19,-0.162597,0,0,0,0,-0.484898,-0.484898
91,20,-0.451238,0,0,0,0,-1.34568,-1.34568
91,21,-0.208661,0,0,0,0,-0.62227,-0.62227
92,1,0.471935,0,0,0,0,1.40741,1.40741
92,2,0.172401,0,0,0,0,0.514135,0.514135
92,3,0.368874,0,0,0,0,1.10006,1.10006
92,4,-0.412197,0,0,0,0,-1.22926,-1.22926
92,5,-0.322407,0,0,0,0,-0.961484,-0.961484
92,6,-0.189111,0,0,0,0,-0.563968,-0.563968
92,7,-0.288188,0,0,0,0,-0.859436,-0.859436
92,8,0.0301175,0,0,0,0,0.0898166,0.0898166
92,9,0.149656,0,0,0,0,0.446305,0.446305
92,10,0.329604,0,0,0,0,0.982947,0.982947
92,11,-0.34447,0,0,0,0,-1.02728,-1.02728
92,12,0.526856,0,0,0,0,1.57119,1.57119
92,13,0.593592,0,0,0,0,1.77021,1.77021
92,14,0.0642748,0,0,0,0,0.191681,0.191681
92,15,0.350072,0,0,0,0,1.04399,1.04399
92,16,-0.307282,0,0,0,0,-0.916378,-0.916378
92,17,0.0744808,0,0,0,0,0.222117,0.222117
92,18,0.111866,0,0,0,0,0.333607,0.333607
92,19,-0.000268913,0,0,0,0,-0.000801954,-0.000801954
92,20,0.331304,0,0,0,0,0.988017,0.988017
92,21,-0.0173809,0,0,0,0,-0.0518334,-0.0518334
93,1,-0.180475,0,0,0,0,-0.538214,-0.538214
93,2,-0.426584,0,0,0,0,-1.27216,-1.27216
93,3,0.055589,0,0,0,0,0.165778,0.165778
93,4,0.329034,0,0,0,0,0.981247,0.981247
93,5,-0.212927,0,0,0,0,-0.634992,-0.634992
93,6,0.310561,0,0,0,0,0.926157,0.926157
93,7,-0.28195,0,0,0,0,-0.840833,-0.840833
93,8,-0.104314,0,0,0,0,-0.311086,-0.311086
93,9,-0.028882,0,0,0,0,-0.0861321,-0.0861321
93,10,0.783468,0,0,0,0,2.33646,2.33646
93,11,-0.736925,0,0,0,0,-2.19766,-2.19766
93,12,0.0661463,0,0,0,0,0.197262,0.197262
93,13,-0.102529,0,0,0,0,-0.305763,-0.305763
93,14,-0.551633,0,0,0,0,-1.64508,-1.64508
93,15,-0.379682,0,0,0,0,-1.13229,-1.13229
93,16,-0.291689,0,0,0,0,-0.869877,-0.869877
93,17,-0.0233959,0,0,0,0,-0.0697714,-0.0697714
93,18,0.316511,0,0,0,0,0.943901,0.943901
93,19,-0.231462,0,0,0,0,-0.690267,-0.690267
93,20,-0.0954723,0,0,0,0,-0.284718,-0.284718
93,21,-0.0276161,0,0,0,0,-0.0823569,-0.0823569
94,1,0.140995,0,0,0,0,0.420476,0.420476
94,2,0.289806,0,0,0,0,0.864261,0.864261
94,3,0.516413,0,0,0,0,1.54005,1.54005
94,4,-0.0459208,0,0,0,0,-0.136945,-0.136945
94,5,0.521928,0,0,0,0,1.5565,1.5565
94,6,-0.555376,0,0,0,0,-1.65625,-1.65625
94,7,0.451078,0,0,0,0,1.34521,1.34521
94,8,0.0992924,0,0,0,0,0.29611,0.29611
94,9,0.828375,0,0,0,0,2.47039,2.47039
94,10,-0.265525,0,0,0,0,-0.79185,-0.79185
94,11,0.401734,0,0,0,0,1.19805,1.19805
94,12,0.11264,0,0,0,0,0.335916,0.335916
94,13,-0.627975,0,0,0,0,-1.87275,-1.87275
94,14,0.00699387,0,0,0,0,0.0208572,0.0208572
94,15,-0.330187,0,0,0,0,-0.984686,-0.984686
94,16,0.48232,0,0,0,0,1.43838,1.43838
94,17,-0.350444,0,0,0,0,-1.0451,-1.0451
94,18,-0.248059,0,0,0,0,-0.739763,-0.739763
94,19,0.285986,0,0,0,0,0.852869,0.852869
94,20,-0.238243,0,0,0,0,-0.71049,-0.71049
94,21,-0.190136,0,0,0,0,-0.567025,-0.567025
95,1,0.457601,0,0,0,0,1.36466,1.36466
95,2,-0.0221596,0,0,0,0,-0.0660845,-0.0660845
95,3,0.276752,0,0,0,0,0.825332,0.825332
95,4,0.30926,0,0,0,0,0.922277,0.922277
95,5,-0.415951,0,0,0,0,-1.24045,-1.24045
95,6,-0.401585,0,0,0,0,-1.19761,-1.19761
95,7,-0.196947,0,0,0,0,-0.587337,-0.587337
95,8,-0.110443,0,0,0,0,-0.329364,-0.329364
95,9,0.236306,0,0,0,0,0.704713,0.704713
95,10,0.424498,0,0,0,0,1.26594,1.26594
95,11,-0.297438,0,0,0,0,-0.887021,-0.887021
95,12,0.109291,0,0,0,0,0.325928,0.325928
95,13,0.447589,0,0,0,0,1.3348,1.3348
95,14,-0.220234,0,0,0,0,-0.656783,-0.656783
95,15,-0.473011,0,0,0,0,-1.41062,-1.41062
95,16,0.121409,0,0,0,0,0.362067,0.362067
95,17,0.646748,0,0,0,0,1.92874,1.92874
95,18,0.0921116,0,0,0,0,0.274696,0.274696
95,19,-0.301217,0,0,0,0,-0.898291,-0.898291
95,20,-0.133453,0,0,0,0,-0.397984,-0.397984
95,21,-0.308486,0,0,0,0,-0.919969,-0.919969
96,1,0.0777564,0,0,0,0,0.231886,0.231886
96,2,0.408935,0,0,0,0,1.21953,1.21953
96,3,0.319691,0,0,0,0,0.953384,0.953384
96,4,-0.33404,0,0,0,0,-0.996176,-0.996176
96,5,0.0480392,0,0,0,0,0.143263,0.143263
96,6,-0.0187874,0,0,0,0,-0.0560279,-0.0560279
96,7,-0.528171,0,0,0,0,-1.57511,-1.57511
96,8,0.444442,0,0,0,0,1.32542,1.32542
96,9,0.650637,0,0,0,0,1.94033,1.94033
96,10,-0.437133,0,0,0,0,-1.30362,-1.30362
96,11,0.129838,0,0,0,0,0.387204,0.387204
96,12,-0.0506023,0,0,0,0,-0.150906,-0.150906
96,13,0.424605,0,0,0,0,1.26626,1.26626
96,14,0.0681975,0,0,0,0,0.203379,0.203379
96,15,0.204791,0,0,0,0,0.610729,0.610729
96,16,-0.231698,0,0,0,0,-0.690971,-0.690971
96,17,-0.32893,0,0,0,0,-0.980937,-0.980937
96,18,0.00207896,0,0,0,0,0.00619989,0.00619989
96,19,0.337859,0,0,0,0,1.00757,1.00757
96,20,0.455316,0,0,0,0,1.35785,1.35785
96,21,-0.0480396,0,0,0,0,-0.143264,-0.143264
97,1,0.258323,0,0,0,0,0.770372,0.770372
97,2,-0.37987,0,0,0,0,-1.13285,-1.13285
97,3,0.129686,0,0,0,0,0.38675,0.38675
97,4,0.419661,0,0,0,0,1.25152,1.25152
97,5,-0.027053,0,0,0,0,-0.0806776,-0.0806776
97,6,0.928826,0,0,0,0,2.76995,2.76995
97,7,0.0221633,0,0,0,0,0.0660955,0.0660955
97,8,-0.223309,0,0,0,0,-0.665953,-0.665953
97,9,0.419116,0,0,0,0,1.24989,1.24989
97,10,0.129192,0,0,0,0,0.385277,0.385277
97,11,0.161905,0,0,0,0,0.482834,0.482834
97,12,-0.536804,0,0,0,0,-1.60086,-1.60086
97,13,0.504861,0,0,0,0,1.5056,1.5056
97,14,-0.0807385,0,0,0,0,-0.240779,-0.240779
97,15,0.0834393,0,0,0,0,0.248833,0.248833
97,16,-0.226771,0,0,0,0,-0.676278,-0.676278
97,17,-0.606334,0,0,0,0,-1.80821,-1.80821
97,18,-1.10888,0,0,0,0,-3.30691,-3.30691
97,19,-0.785799,0,0,0,0,-2.34341,-2.34341
97,20,-0.676706,0,0,0,0,-2.01808,-2.01808
97,21,0.557485,0,0,0,0,1.66254,1.66254
98,1,-0.498312,0,0,0,0,-1.48607,-1.48607
98,2,-0.137664,0,0,0,0,-0.410542,-0.410542
98,3,1.11038,0,0,0,0,3.31138,3.31138
98,4,-0.0505462,0,0,0,0,-0.150739,-0.150739
98,5,0.33424,0,0,0,0,0.996773,0.996773
98,6,0.202869,0,0,0,0,0.604997,0.604997
98,7,-0.00909513,0,0,0,0,-0.0271236,-0.0271236
98,8,0.471859,0,0,0,0,1.40718,1.40718
98,9,0.0339521,0,0,0,0,0.101252,0.101252
98,10,-0.561731,0,0,0,0,-1.6752,-1.6752
98,11,-0.277407,0,0,0,0,-0.827285,-0.827285
98,12,-0.0490078,0,0,0,0,-0.146151,-0.146151
98,13,0.0496951,0,0,0,0,0.148201,0.148201
98,14,0.0625143,0,0,0,0,0.186431,0.186431
98,15,-0.373495,0,0,0,0,-1.11384,-1.11384
98,16,-0.244808,0,0,0,0,-0.730068,-0.730068
98,17,-0.672443,0,0,0,0,-2.00536,-2.00536
98,18,-0.0203695,0,0,0,0,-0.060746,-0.060746
98,19,-0.0933541,0,0,0,0,-0.278401,-0.278401
98,20,0.386019,0,0,0,0,1.15119,1.15119
98,21,-0.168224,0,0,0,0,-0.501679,-0.501679
99,1,-0.76166,0,0,0,0,-2.27143,-2.27143
99,2,0.0260652,0,0,0,0,0.0777318,0.0777318
99,3,-0.0355982,0,0,0,0,-0.106161,-0.106161
99,4,0.069547,0,0,0,0,0.207403,0.207403
99,5,-0.793478,0,0,0,0,-2.36632,-2.36632
99,6,-0.0855642,0,0,0,0,-0.25517,-0.25517
99,7,-0.29108,0,0,0,0,-0.868061,-0.868061
99,8,0.311126,0,0,0,0,0.927842,0.927842
99,9,-0.622581,0,0,0,0,-1.85666,-1.85666
99,10,0.468182,0,0,0,0,1.39622,1.39622
99,11,-0.242217,0,0,0,0,-0.722341,-0.722341
99,12,-0.142732,0,0,0,0,-0.425656,-0.425656
99,13,-0.504859,0,0,0,0,-1.50559,-1.50559
99,14,-0.492069,0,0,0,0,-1.46745,-1.46745
99,15,-0.142982,0,0,0,0,-0.426402,-0.426402
99,16,0.366956,0,0,0,0,1.09434,1.09434
99,17,-0.230129,0,0,0,0,-0.686292,-0.686292
99,18,0.418232,0,0,0,0,1.24725,1.24725
99,19,0.267893,0,0,0,0,0.798912,0.798912
99,20,0.100265,0,0,0,0,0.299011,0.299011
99,21,0.542903,0,0,0,0,1.61905,1.61905
100,1,-0.446248,0,0,0,0,-1.3308,-1.3308
100,2,-0.117708,0,0,0,0,-0.35103,-0.35103
100,3,-0.147867,0,0,0,0,-0.44097,-0.44097
100,4,0.025761,0,0,0,0,0.0768246,0.0768246
100,5,0.325605,0,0,0,0,0.971021,0.971021
100,6,0.0708766,0,0,0,0,0.211369,0.211369
100,7,0.278607,0,0,0,0,0.830864,0.830864
100,8,0.132368,0,0,0,0,0.394749,0.394749
100,9,0.00688123,0,0,0,0,0.0205212,0.0205212
100,10,0.123587,0,0,0,0,0.368562,0.368562
100,11,0.0983032,0,0,0,0,0.29316,0.29316
100,12,0.125511,0,0,0,0,0.3743,0.3743
100,13,-0.216583,0,0,0,0,-0.645895,-0.645895
100,14,-0.450451,0,0,0,0,-1.34334,-1.34334
100,15,0.235353,0,0,0,0,0.701871,0.701871
100,16,-0.478818,0,0,0,0,-1.42793,-1.42793
100,17,0.315157,0,0,0,0,0.939863,0.939863
100,18,0.240712,0,0,0,0,0.717853,0.717853
100,19,-0.0875723,0,0,0,0,-0.261159,-0.261159
100,20,0.302352,0,0,0,0,0.901676,0.901676
100,21,0.117789,0,0,0,0,0.351271,0.351271
