id,time,yG5,popPred_medianCOV,popPred,indivPred_SAEM,indivPred_mean,indWRes_SAEM,indWRes_mean
1,1,0.172502,0,0,0,0,0.540251,0.540251
1,2,0.167002,0,0,0,0,0.523026,0.523026
1,3,-0.260776,0,0,0,0,-0.816713,-0.816713
1,4,-0.637346,0,0,0,0,-1.99608,-1.99608
1,5,-0.43026,0,0,0,0,-1.34751,-1.34751
1,6,0.132026,0,0,0,0,0.413486,0.413486
1,7,-0.349727,0,0,0,0,-1.09529,-1.09529
1,8,0.0896702,0,0,0,0,0.280834,0.280834
1,9,-0.115005,0,0,0,0,-0.360179,-0.360179
1,10,0.170134,0,0,0,0,0.532835,0.532835
1,11,-0.233111,0,0,0,0,-0.73007,-0.73007
1,12,-0.190921,0,0,0,0,-0.597937,-0.597937
1,13,-0.285953,0,0,0,0,-0.895564,-0.895564
1,14,-0.381249,0,0,0,0,-1.19402,-1.19402
1,15,0.191644,0,0,0,0,0.600201,0.600201
1,16,0.151455,0,0,0,0,0.474335,0.474335
1,17,-0.17692,0,0,0,0,-0.554088,-0.554088
1,18,0.352357,0,0,0,0,1.10353,1.10353
1,19,0.241504,0,0,0,0,0.756356,0.756356
1,20,-0.191629,0,0,0,0,-0.600154,-0.600154
1,21,-0.479772,0,0,0,0,-1.50258,-1.50258
2,1,-0.504314,0,0,0,0,-1.57944,-1.57944
2,2,-0.268127,0,0,0,0,-0.839735,-0.839735
2,3,-0.0543973,0,0,0,0,-0.170365,-0.170365
2,4,0.708715,0,0,0,0,2.21959,2.21959
2,5,0.095529,0,0,0,0,0.299183,0.299183
2,6,0.19704,0,0,0,0,0.617101,0.617101
2,7,0.344307,0,0,0,0,1.07832,1.07832
2,8,-0.0451548,0,0,0,0,-0.141418,-0.141418
2,9,0.120581,0,0,0,0,0.377642,0.377642
2,10,-0.387534,0,0,0,0,-1.2137,-1.2137
2,11,-0.0136797,0,0,0,0,-0.0428429,-0.0428429
2,12,0.225037,0,0,0,0,0.704784,0.704784
2,13,-0.361599,0,0,0,0,-1.13248,-1.13248
2,14,0.258958,0,0,0,0,0.811019,0.811019
2,15,-0.0486926,0,0,0,0,-0.152498,-0.152498
2,16,-0.349248,0,0,0,0,-1.09379,-1.09379
2,17,0.213509,0,0,0,0,0.66868,0.66868
2,18,0.00996344,0,0,0,0,0.0312041,0.0312041
2,19,0.402207,0,0,0,0,1.25965,1.25965
2,20,-0.265383,0,0,0,0,-0.831141,-0.831141
2,21,0.164504,0,0,0,0,0.515203,0.515203
3,1,0.37232,0,0,0,0,1.16605,1.16605
3,2,-0.524199,0,0,0,0,-1.64172,-1.64172
3,3,0.0337062,0,0,0,0,0.105563,0.105563
3,4,0.229004,0,0,0,0,0.717208,0.717208
3,5,0.591389,0,0,0,0,1.85215,1.85215
3,6,-0.288029,0,0,0,0,-0.902065,-0.902065
3,7,0.443341,0,0,0,0,1.38848,1.38848
3,8,-0.207208,0,0,0,0,-0.648946,-0.648946
3,9,0.395971,0,0,0,0,1.24012,1.24012
3,10,0.279792,0,0,0,0,0.876268,0.876268
3,11,-0.420799,0,0,0,0,-1.31788,-1.31788
3,12,-0.0199425,0,0,0,0,-0.062457,-0.062457
3,13,-0.0573404,0,0,0,0,-0.179582,-0.179582
3,14,-0.163646,0,0,0,0,-0.512516,-0.512516
3,15,-0.330441,0,0,0,0,-1.03489,-1.03489
3,16,-0.45112,0,0,0,0,-1.41284,-1.41284
3,17,-0.263687,0,0,0,0,-0.82583,-0.82583
3,18,-0.251839,0,0,0,0,-0.788724,-0.788724
3,19,0.168925,0,0,0,0,0.529049,0.529049
3,20,0.412091,0,0,0,0,1.29061,1.29061
3,21,-0.0964843,0,0,0,0,-0.302175,-0.302175
4,1,0.0137177,0,0,0,0,0.0429619,0.0429619
4,2,0.321491,0,0,0,0,1.00686,1.00686
4,3,-0.425185,0,0,0,0,-1.33162,-1.33162
4,4,-0.097817,0,0,0,0,-0.306349,-0.306349
4,5,-0.0641566,0,0,0,0,-0.200929,-0.200929
4,6,-0.669837,0,0,0,0,-2.09783,-2.09783
4,7,-0.370217,0,0,0,0,-1.15947,-1.15947
4,8,-0.33845,0,0,0,0,-1.05998,-1.05998
4,9,-0.149768,0,0,0,0,-0.469052,-0.469052
4,10,0.184758,0,0,0,0,0.578636,0.578636
4,11,-0.280013,0,0,0,0,-0.87696,-0.87696
4,12,0.154711,0,0,0,0,0.484533,0.484533
4,13,0.13944,0,0,0,0,0.436706,0.436706
4,14,-0.13822,0,0,0,0,-0.432885,-0.432885
4,15,0.261301,0,0,0,0,0.818357,0.818357
4,16,-0.128004,0,0,0,0,-0.40089,-0.40089
4,17,-0.38619,0,0,0,0,-1.20949,-1.20949
4,18,0.0427809,0,0,0,0,0.133984,0.133984
4,19,-0.351733,0,0,0,0,-1.10158,-1.10158
4,20,0.577842,0,0,0,0,1.80972,1.80972
4,21,0.184319,0,0,0,0,0.577261,0.577261
5,1,-0.57513,0,0,0,0,-1.80122,-1.80122
5,2,-0.416384,0,0,0,0,-1.30405,-1.30405
5,3,0.719522,0,0,0,0,2.25344,2.25344
5,4,0.477952,0,0,0,0,1.49688,1.49688
5,5,-0.151431,0,0,0,0,-0.47426,-0.47426
5,6,-0.0460868,0,0,0,0,-0.144337,-0.144337
5,7,-0.0937514,0,0,0,0,-0.293616,-0.293616
5,8,-0.231824,0,0,0,0,-0.726039,-0.726039
5,9,0.204079,0,0,0,0,0.639146,0.639146
5,10,-0.0471066,0,0,0,0,-0.147531,-0.147531
5,11,-0.231099,0,0,0,0,-0.723769,-0.723769
5,12,0.27228,0,0,0,0,0.852742,0.852742
5,13,-0.594263,0,0,0,0,-1.86115,-1.86115
5,14,-0.156902,0,0,0,0,-0.491395,-0.491395
5,15,-0.396479,0,0,0,0,-1.24172,-1.24172
5,16,-0.483256,0,0,0,0,-1.51349,-1.51349
5,17,-0.23079,0,0,0,0,-0.722801,-0.722801
5,18,-0.138072,0,0,0,0,-0.432422,-0.432422
5,19,-0.463944,0,0,0,0,-1.45301,-1.45301
5,20,-0.119993,0,0,0,0,-0.375801,-0.375801
5,21,-0.186241,0,0,0,0,-0.58328,-0.58328
6,1,0.0934773,0,0,0,0,0.292757,0.292757
6,2,0.249482,0,0,0,0,0.781342,0.781342
6,3,0.00262813,0,0,0,0,0.00823093,0.00823093
6,4,0.321072,0,0,0,0,1.00555,1.00555
6,5,0.298439,0,0,0,0,0.934668,0.934668
6,6,0.0201235,0,0,0,0,0.0630239,0.0630239
6,7,-0.285934,0,0,0,0,-0.895504,-0.895504
6,8,-0.0633695,0,0,0,0,-0.198464,-0.198464
6,9,-0.184886,0,0,0,0,-0.579036,-0.579036
6,10,0.245082,0,0,0,0,0.767562,0.767562
6,11,-0.194257,0,0,0,0,-0.608385,-0.608385
6,12,-0.0812675,0,0,0,0,-0.254518,-0.254518
6,13,-0.0975683,0,0,0,0,-0.30557,-0.30557
6,14,-0.0779862,0,0,0,0,-0.244242,-0.244242
6,15,0.772498,0,0,0,0,2.41935,2.41935
6,16,-0.146676,0,0,0,0,-0.459368,-0.459368
6,17,0.143604,0,0,0,0,0.449747,0.449747
6,18,-0.135795,0,0,0,0,-0.42529,-0.42529
6,19,-0.783174,0,0,0,0,-2.45279,-2.45279
6,20,0.277269,0,0,0,0,0.868367,0.868367
6,21,-0.511076,0,0,0,0,-1.60062,-1.60062
7,1,0.00665788,0,0,0,0,0.0208515,0.0208515
7,2,0.116995,0,0,0,0,0.366412,0.366412
7,3,0.389262,0,0,0,0,1.21911,1.21911
7,4,-0.688482,0,0,0,0,-2.15623,-2.15623
7,5,-0.680064,0,0,0,0,-2.12986,-2.12986
7,6,-0.432045,0,0,0,0,-1.3531,-1.3531
7,7,0.316128,0,0,0,0,0.990067,0.990067
7,8,0.0918732,0,0,0,0,0.287734,0.287734
7,9,-0.352231,0,0,0,0,-1.10314,-1.10314
7,10,-0.676667,0,0,0,0,-2.11922,-2.11922
7,11,0.402877,0,0,0,0,1.26175,1.26175
7,12,0.0801454,0,0,0,0,0.251004,0.251004
7,13,0.576168,0,0,0,0,1.80448,1.80448
7,14,-0.0587414,0,0,0,0,-0.18397,-0.18397
7,15,-0.537738,0,0,0,0,-1.68412,-1.68412
7,16,0.0166183,0,0,0,0,0.0520461,0.0520461
7,17,0.0459732,0,0,0,0,0.143981,0.143981
7,18,0.0399763,0,0,0,0,0.1252,0.1252
7,19,0.057426,0,0,0,0,0.17985,0.17985
7,20,0.208277,0,0,0,0,0.652294,0.652294
7,21,0.0847657,0,0,0,0,0.265474,0.265474
8,1,-0.529208,0,0,0,0,-1.6574,-1.6574
8,2,-0.405125,0,0,0,0,-1.26879,-1.26879
8,3,-0.364414,0,0,0,0,-1.14129,-1.14129
8,4,0.289391,0,0,0,0,0.906331,0.906331
8,5,0.0640304,0,0,0,0,0.200534,0.200534
8,6,-0.38988,0,0,0,0,-1.22105,-1.22105
8,7,0.220261,0,0,0,0,0.689826,0.689826
8,8,0.112279,0,0,0,0,0.351642,0.351642
8,9,-0.643808,0,0,0,0,-2.01631,-2.01631
8,10,-0.543625,0,0,0,0,-1.70256,-1.70256
8,11,0.134806,0,0,0,0,0.422193,0.422193
8,12,0.137803,0,0,0,0,0.431579,0.431579
8,13,-0.418215,0,0,0,0,-1.30979,-1.30979
8,14,-0.370195,0,0,0,0,-1.1594,-1.1594
8,15,0.167289,0,0,0,0,0.523925,0.523925
8,16,0.0393772,0,0,0,0,0.123324,0.123324
8,17,0.0614496,0,0,0,0,0.192451,0.192451
8,18,0.0161161,0,0,0,0,0.0504733,0.0504733
8,19,-0.0304645,0,0,0,0,-0.0954104,-0.0954104
8,20,-0.289323,0,0,0,0,-0.906118,-0.906118
8,21,-0.0779913,0,0,0,0,-0.244258,-0.244258
9,1,-0.120398,0,0,0,0,-0.377069,-0.377069
9,2,-0.469793,0,0,0,0,-1.47132,-1.47132
9,3,0.314916,0,0,0,0,0.986272,0.986272
9,4,0.623463,0,0,0,0,1.9526,1.9526
9,5,-0.395794,0,0,0,0,-1.23957,-1.23957
9,6,0.421753,0,0,0,0,1.32087,1.32087
9,7,0.296977,0,0,0,0,0.930089,0.930089
9,8,-1.14246,0,0,0,0,-3.57802,-3.57802
9,9,0.132145,0,0,0,0,0.413859,0.413859
9,10,0.410533,0,0,0,0,1.28573,1.28573
9,11,-0.220557,0,0,0,0,-0.690753,-0.690753
9,12,0.712074,0,0,0,0,2.23011,2.23011
9,13,0.182163,0,0,0,0,0.570508,0.570508
9,14,-0.209823,0,0,0,0,-0.657135,-0.657135
9,15,0.230026,0,0,0,0,0.720408,0.720408
9,16,0.191139,0,0,0,0,0.59862,0.59862
9,17,0.234478,0,0,0,0,0.734351,0.734351
9,18,-0.125829,0,0,0,0,-0.394078,-0.394078
9,19,0.241256,0,0,0,0,0.755579,0.755579
9,20,0.281063,0,0,0,0,0.880249,0.880249
9,21,0.162148,0,0,0,0,0.507824,0.507824
10,1,0.0242228,0,0,0,0,0.0758623,0.0758623
10,2,-0.0463438,0,0,0,0,-0.145142,-0.145142
10,3,-0.0245226,0,0,0,0,-0.0768013,-0.0768013
10,4,0.50908,0,0,0,0,1.59437,1.59437
10,5,-0.132049,0,0,0,0,-0.413558,-0.413558
10,6,0.453125,0,0,0,0,1.41912,1.41912
10,7,0.366594,0,0,0,0,1.14812,1.14812
10,8,0.378076,0,0,0,0,1.18408,1.18408
10,9,0.155652,0,0,0,0,0.48748,0.48748
10,10,-0.271277,0,0,0,0,-0.849601,-0.849601
10,11,0.181969,0,0,0,0,0.569901,0.569901
10,12,-0.37354,0,0,0,0,-1.16987,-1.16987
10,13,0.305565,0,0,0,0,0.956986,0.956986
10,14,-0.658528,0,0,0,0,-2.06242,-2.06242
10,15,0.451819,0,0,0,0,1.41503,1.41503
10,16,0.451481,0,0,0,0,1.41397,1.41397
10,17,0.285088,0,0,0,0,0.892855,0.892855
10,18,-0.495967,0,0,0,0,-1.5533,-1.5533
10,19,0.324937,0,0,0,0,1.01766,1.01766
10,20,-0.421474,0,0,0,0,-1.32,-1.32
10,21,-0.345545,0,0,0,0,-1.0822,-1.0822
11,1,-0.119827,0,0,0,0,-0.375281,-0.375281
11,2,-0.147921,0,0,0,0,-0.463267,-0.463267
11,3,0.117803,0,0,0,0,0.368942,0.368942
11,4,-0.133157,0,0,0,0,-0.417029,-0.417029
11,5,0.0341771,0,0,0,0,0.107038,0.107038
11,6,-0.504275,0,0,0,0,-1.57932,-1.57932
11,7,-0.0715156,0,0,0,0,-0.223977,-0.223977
11,8,0.0727459,0,0,0,0,0.22783,0.22783
11,9,-0.788473,0,0,0,0,-2.46938,-2.46938
11,10,0.188747,0,0,0,0,0.591128,0.591128
11,11,-0.336399,0,0,0,0,-1.05355,-1.05355
11,12,0.094726,0,0,0,0,0.296668,0.296668
11,13,-0.204662,0,0,0,0,-0.640972,-0.640972
11,14,-0.0443641,0,0,0,0,-0.138942,-0.138942
11,15,0.365581,0,0,0,0,1.14495,1.14495
11,16,0.170029,0,0,0,0,0.532506,0.532506
11,17,-0.0862741,0,0,0,0,-0.270198,-0.270198
11,18,0.126093,0,0,0,0,0.394905,0.394905
11,19,0.100752,0,0,0,0,0.315541,0.315541
11,20,0.314378,0,0,0,0,0.984587,0.984587
11,21,1.16933,0,0,0,0,3.66217,3.66217
12,1,0.429562,0,0,0,0,1.34533,1.34533
12,2,-0.608804,0,0,0,0,-1.90669,-1.90669
12,3,-0.478475,0,0,0,0,-1.49851,-1.49851
12,4,-0.000420315,0,0,0,0,-0.00131637,-0.00131637
12,5,0.232043,0,0,0,0,0.726725,0.726725
12,6,-0.00134612,0,0,0,0,-0.00421585,-0.00421585
12,7,-0.138737,0,0,0,0,-0.434504,-0.434504
12,8,-0.28059,0,0,0,0,-0.878768,-0.878768
12,9,0.132228,0,0,0,0,0.414119,0.414119
12,10,0.269664,0,0,0,0,0.844549,0.844549
12,11,0.128688,0,0,0,0,0.403032,0.403032
12,12,-0.100242,0,0,0,0,-0.313944,-0.313944
12,13,0.269588,0,0,0,0,0.844311,0.844311
12,14,-0.0347832,0,0,0,0,-0.108936,-0.108936
12,15,0.270849,0,0,0,0,0.84826,0.84826
12,16,0.337484,0,0,0,0,1.05695,1.05695
12,17,-0.279293,0,0,0,0,-0.874706,-0.874706
12,18,0.295867,0,0,0,0,0.926613,0.926613
12,19,0.0324141,0,0,0,0,0.101516,0.101516
12,20,0.210234,0,0,0,0,0.658423,0.658423
12,21,0.309487,0,0,0,0,0.969269,0.969269
13,1,0.537647,0,0,0,0,1.68383,1.68383
13,2,-0.467708,0,0,0,0,-1.46479,-1.46479
13,3,0.402179,0,0,0,0,1.25957,1.25957
13,4,0.0649284,0,0,0,0,0.203346,0.203346
13,5,-0.115663,0,0,0,0,-0.36224,-0.36224
13,6,0.0655898,0,0,0,0,0.205418,0.205418
13,7,0.588611,0,0,0,0,1.84345,1.84345
13,8,0.205936,0,0,0,0,0.644962,0.644962
13,9,-0.331527,0,0,0,0,-1.03829,-1.03829
13,10,0.0750133,0,0,0,0,0.234931,0.234931
13,11,0.0558483,0,0,0,0,0.174909,0.174909
13,12,0.0239637,0,0,0,0,0.0750509,0.0750509
13,13,-0.44536,0,0,0,0,-1.3948,-1.3948
13,14,-0.0714272,0,0,0,0,-0.2237,-0.2237
13,15,0.0132611,0,0,0,0,0.0415319,0.0415319
13,16,-0.00945074,0,0,0,0,-0.0295984,-0.0295984
13,17,-0.0517942,0,0,0,0,-0.162212,-0.162212
13,18,0.0821234,0,0,0,0,0.257199,0.257199
13,19,0.137505,0,0,0,0,0.430646,0.430646
13,20,-0.0730219,0,0,0,0,-0.228694,-0.228694
13,21,0.460787,0,0,0,0,1.44312,1.44312
14,1,0.280314,0,0,0,0,0.877903,0.877903
14,2,-0.359979,0,0,0,0,-1.1274,-1.1274
14,3,-0.0151854,0,0,0,0,-0.0475585,-0.0475585
14,4,-0.559643,0,0,0,0,-1.75272,-1.75272
14,5,0.153989,0,0,0,0,0.482271,0.482271
14,6,-0.608811,0,0,0,0,-1.90671,-1.90671
14,7,-0.00781167,0,0,0,0,-0.024465,-0.024465
14,8,-0.867539,0,0,0,0,-2.71701,-2.71701
14,9,-0.242891,0,0,0,0,-0.7607,-0.7607
14,10,-0.321395,0,0,0,0,-1.00656,-1.00656
14,11,-0.0311594,0,0,0,0,-0.0975868,-0.0975868
14,12,0.137896,0,0,0,0,0.43187,0.43187
14,13,0.0685753,0,0,0,0,0.214768,0.214768
14,14,-0.224057,0,0,0,0,-0.701714,-0.701714
14,15,-0.0405923,0,0,0,0,-0.127129,-0.127129
14,16,-0.915652,0,0,0,0,-2.86769,-2.86769
14,17,-0.0245668,0,0,0,0,-0.0769397,-0.0769397
14,18,0.637633,0,0,0,0,1.99697,1.99697
14,19,0.0488829,0,0,0,0,0.153094,0.153094
14,20,-0.354861,0,0,0,0,-1.11137,-1.11137
14,21,0.106055,0,0,0,0,0.332149,0.332149
15,1,-0.57662,0,0,0,0,-1.80589,-1.80589
15,2,-0.222328,0,0,0,0,-0.696299,-0.696299
15,3,-0.355808,0,0,0,0,-1.11434,-1.11434
15,4,0.506631,0,0,0,0,1.5867,1.5867
15,5,-0.18299,0,0,0,0,-0.573098,-0.573098
15,6,-0.640668,0,0,0,0,-2.00648,-2.00648
15,7,-0.198668,0,0,0,0,-0.6222,-0.6222
15,8,-0.125697,0,0,0,0,-0.393665,-0.393665
15,9,0.249841,0,0,0,0,0.782466,0.782466
15,10,0.187233,0,0,0,0,0.586387,0.586387
15,11,0.00726101,0,0,0,0,0.0227404,0.0227404
15,12,-0.111405,0,0,0,0,-0.348904,-0.348904
15,13,-0.356532,0,0,0,0,-1.11661,-1.11661
15,14,1.04702,0,0,0,0,3.27912,3.27912
15,15,-0.210556,0,0,0,0,-0.659431,-0.659431
15,16,-0.317154,0,0,0,0,-0.993281,-0.993281
15,17,0.0337274,0,0,0,0,0.105629,0.105629
15,18,-0.183928,0,0,0,0,-0.576036,-0.576036
15,19,-0.0300341,0,0,0,0,-0.0940625,-0.0940625
15,20,0.308302,0,0,0,0,0.965558,0.965558
15,21,0.000134832,0,0,0,0,0.000422274,0.000422274
16,1,-0.42307,0,0,0,0,-1.32499,-1.32499
16,2,-0.124069,0,0,0,0,-0.388566,-0.388566
16,3,-0.00448585,0,0,0,0,-0.014049,-0.014049
16,4,0.000710148,0,0,0,0,0.00222408,0.00222408
16,5,0.0270722,0,0,0,0,0.0847862,0.0847862
16,6,0.228427,0,0,0,0,0.715401,0.715401
16,7,-0.364135,0,0,0,0,-1.14042,-1.14042
16,8,0.109925,0,0,0,0,0.344269,0.344269
16,9,-0.0382311,0,0,0,0,-0.119734,-0.119734
16,10,0.221333,0,0,0,0,0.693183,0.693183
16,11,0.108021,0,0,0,0,0.338306,0.338306
16,12,0.306665,0,0,0,0,0.960431,0.960431
16,13,-0.538653,0,0,0,0,-1.68698,-1.68698
16,14,-0.0793286,0,0,0,0,-0.248446,-0.248446
16,15,-0.0511177,0,0,0,0,-0.160093,-0.160093
16,16,0.349343,0,0,0,0,1.09409,1.09409
16,17,-0.424327,0,0,0,0,-1.32893,-1.32893
16,18,0.4492,0,0,0,0,1.40683,1.40683
16,19,0.333751,0,0,0,0,1.04526,1.04526
16,20,0.125539,0,0,0,0,0.39317,0.39317
16,21,0.0578188,0,0,0,0,0.18108,0.18108
17,1,0.14301,0,0,0,0,0.447887,0.447887
17,2,-0.376327,0,0,0,0,-1.1786,-1.1786
17,3,0.0638346,0,0,0,0,0.199921,0.199921
17,4,0.301315,0,0,0,0,0.943675,0.943675
17,5,0.337087,0,0,0,0,1.05571,1.05571
17,6,0.010771,0,0,0,0,0.0337332,0.0337332
17,7,0.336811,0,0,0,0,1.05484,1.05484
17,8,-0.174798,0,0,0,0,-0.547442,-0.547442
17,9,0.196161,0,0,0,0,0.614348,0.614348
17,10,0.0607859,0,0,0,0,0.190373,0.190373
17,11,0.707986,0,0,0,0,2.21731,2.21731
17,12,0.0910658,0,0,0,0,0.285205,0.285205
17,13,0.348682,0,0,0,0,1.09202,1.09202
17,14,0.519145,0,0,0,0,1.62589,1.62589
17,15,0.0733498,0,0,0,0,0.229721,0.229721
17,16,0.151693,0,0,0,0,0.475081,0.475081
17,17,0.0776041,0,0,0,0,0.243045,0.243045
17,18,0.0562707,0,0,0,0,0.176232,0.176232
17,19,0.0370134,0,0,0,0,0.115921,0.115921
17,20,0.233661,0,0,0,0,0.731793,0.731793
17,21,-0.0113916,0,0,0,0,-0.0356769,-0.0356769
18,1,-0.0294358,0,0,0,0,-0.0921887,-0.0921887
18,2,0.618553,0,0,0,0,1.93722,1.93722
18,3,0.332798,0,0,0,0,1.04228,1.04228
18,4,-0.229177,0,0,0,0,-0.717749,-0.717749
18,5,-0.13052,0,0,0,0,-0.40877,-0.40877
18,6,0.288986,0,0,0,0,0.905063,0.905063
18,7,-0.292141,0,0,0,0,-0.914944,-0.914944
18,8,0.0572266,0,0,0,0,0.179225,0.179225
18,9,0.456627,0,0,0,0,1.43009,1.43009
18,10,0.00688747,0,0,0,0,0.0215706,0.0215706
18,11,0.415896,0,0,0,0,1.30253,1.30253
18,12,-0.0723221,0,0,0,0,-0.226502,-0.226502
18,13,0.263235,0,0,0,0,0.824414,0.824414
18,14,0.202025,0,0,0,0,0.632713,0.632713
18,15,-0.149168,0,0,0,0,-0.467173,-0.467173
18,16,-0.490774,0,0,0,0,-1.53703,-1.53703
18,17,0.0370444,0,0,0,0,0.116018,0.116018
18,18,0.0997394,0,0,0,0,0.312369,0.312369
18,19,0.918337,0,0,0,0,2.8761,2.8761
18,20,0.375025,0,0,0,0,1.17452,1.17452
18,21,0.369185,0,0,0,0,1.15623,1.15623
19,1,0.350827,0,0,0,0,1.09874,1.09874
19,2,0.304472,0,0,0,0,0.953563,0.953563
19,3,-0.175249,0,0,0,0,-0.548855,-0.548855
19,4,-0.0937296,0,0,0,0,-0.293548,-0.293548
19,5,0.31722,0,0,0,0,0.993487,0.993487
19,6,0.0699176,0,0,0,0,0.218972,0.218972
19,7,0.231261,0,0,0,0,0.724276,0.724276
19,8,0.115447,0,0,0,0,0.361563,0.361563
19,9,-0.567517,0,0,0,0,-1.77738,-1.77738
19,10,0.463985,0,0,0,0,1.45313,1.45313
19,11,-0.235477,0,0,0,0,-0.73748,-0.73748
19,12,0.302074,0,0,0,0,0.946052,0.946052
19,13,0.429212,0,0,0,0,1.34423,1.34423
19,14,0.607266,0,0,0,0,1.90187,1.90187
19,15,-0.103325,0,0,0,0,-0.323599,-0.323599
19,16,-0.429409,0,0,0,0,-1.34485,-1.34485
19,17,-0.166647,0,0,0,0,-0.521914,-0.521914
19,18,0.439282,0,0,0,0,1.37577,1.37577
19,19,0.184375,0,0,0,0,0.577436,0.577436
19,20,0.106402,0,0,0,0,0.333236,0.333236
19,21,-0.285653,0,0,0,0,-0.894624,-0.894624
20,1,0.48352,0,0,0,0,1.51432,1.51432
20,2,0.502921,0,0,0,0,1.57508,1.57508
20,3,-0.340892,0,0,0,0,-1.06762,-1.06762
20,4,0.742562,0,0,0,0,2.3256,2.3256
20,5,0.0662241,0,0,0,0,0.207404,0.207404
20,6,-0.0551896,0,0,0,0,-0.172846,-0.172846
20,7,-0.625808,0,0,0,0,-1.95994,-1.95994
20,8,-0.589952,0,0,0,0,-1.84764,-1.84764
20,9,-0.196085,0,0,0,0,-0.61411,-0.61411
20,10,-0.107761,0,0,0,0,-0.337492,-0.337492
20,11,-0.0582617,0,0,0,0,-0.182467,-0.182467
20,12,0.00818932,0,0,0,0,0.0256478,0.0256478
20,13,0.0687662,0,0,0,0,0.215366,0.215366
20,14,0.11426,0,0,0,0,0.357846,0.357846
20,15,-0.158881,0,0,0,0,-0.497592,-0.497592
20,16,-0.375017,0,0,0,0,-1.1745,-1.1745
20,17,-0.416152,0,0,0,0,-1.30333,-1.30333
20,18,0.222567,0,0,0,0,0.697048,0.697048
20,19,-0.156788,0,0,0,0,-0.491037,-0.491037
20,20,-0.305476,0,0,0,0,-0.956707,-0.956707
20,21,-0.296073,0,0,0,0,-0.927258,-0.927258
21,1,-0.140686,0,0,0,0,-0.440608,-0.440608
21,2,-0.165335,0,0,0,0,-0.517805,-0.517805
21,3,0.0211675,0,0,0,0,0.0662936,0.0662936
21,4,0.579719,0,0,0,0,1.8156,1.8156
21,5,0.142009,0,0,0,0,0.444752,0.444752
21,6,-0.305041,0,0,0,0,-0.955345,-0.955345
21,7,0.673804,0,0,0,0,2.11026,2.11026
21,8,0.239121,0,0,0,0,0.748893,0.748893
21,9,-0.195279,0,0,0,0,-0.611586,-0.611586
21,10,-0.196782,0,0,0,0,-0.616293,-0.616293
21,11,-0.147357,0,0,0,0,-0.461501,-0.461501
21,12,-0.340501,0,0,0,0,-1.0664,-1.0664
21,13,0.614493,0,0,0,0,1.9245,1.9245
21,14,0.128116,0,0,0,0,0.401241,0.401241
21,15,0.364372,0,0,0,0,1.14116,1.14116
21,16,-0.756729,0,0,0,0,-2.36997,-2.36997
21,17,0.0405804,0,0,0,0,0.127092,0.127092
21,18,0.338176,0,0,0,0,1.05912,1.05912
21,19,0.553261,0,0,0,0,1.73273,1.73273
21,20,0.55598,0,0,0,0,1.74125,1.74125
21,21,-0.235851,0,0,0,0,-0.738651,-0.738651
22,1,0.100479,0,0,0,0,0.314686,0.314686
22,2,-0.778639,0,0,0,0,-2.43859,-2.43859
22,3,0.609019,0,0,0,0,1.90736,1.90736
22,4,-0.390072,0,0,0,0,-1.22165,-1.22165
22,5,-0.19777,0,0,0,0,-0.619387,-0.619387
22,6,0.419033,0,0,0,0,1.31235,1.31235
22,7,0.226255,0,0,0,0,0.708598,0.708598
22,8,0.0827032,0,0,0,0,0.259015,0.259015
22,9,-0.392247,0,0,0,0,-1.22846,-1.22846
22,10,-0.105942,0,0,0,0,-0.331795,-0.331795
22,11,-0.00643129,0,0,0,0,-0.0201419,-0.0201419
22,12,0.474314,0,0,0,0,1.48548,1.48548
22,13,-0.0365642,0,0,0,0,-0.114514,-0.114514
22,14,-0.0455992,0,0,0,0,-0.14281,-0.14281
22,15,0.247887,0,0,0,0,0.776346,0.776346
22,16,-0.144826,0,0,0,0,-0.453574,-0.453574
22,17,-0.0126113,0,0,0,0,-0.0394968,-0.0394968
22,18,0.426296,0,0,0,0,1.3351,1.3351
22,19,-0.411555,0,0,0,0,-1.28893,-1.28893
22,20,0.536887,0,0,0,0,1.68145,1.68145
22,21,-0.0552248,0,0,0,0,-0.172956,-0.172956
23,1,-0.152719,0,0,0,0,-0.478294,-0.478294
23,2,0.257922,0,0,0,0,0.807775,0.807775
23,3,-0.266632,0,0,0,0,-0.835053,-0.835053
23,4,-0.117375,0,0,0,0,-0.367602,-0.367602
23,5,-0.093174,0,0,0,0,-0.291808,-0.291808
23,6,-0.192875,0,0,0,0,-0.604057,-0.604057
23,7,-0.18542,0,0,0,0,-0.580709,-0.580709
23,8,-0.252203,0,0,0,0,-0.789864,-0.789864
23,9,0.1257,0,0,0,0,0.393674,0.393674
23,10,-0.194359,0,0,0,0,-0.608704,-0.608704
23,11,0.318498,0,0,0,0,0.99749,0.99749
23,12,-0.412114,0,0,0,0,-1.29068,-1.29068
23,13,-0.997139,0,0,0,0,-3.1229,-3.1229
23,14,-0.456179,0,0,0,0,-1.42869,-1.42869
23,15,0.141295,0,0,0,0,0.442516,0.442516
23,16,0.128532,0,0,0,0,0.402544,0.402544
23,17,-0.210065,0,0,0,0,-0.657893,-0.657893
23,18,-0.162939,0,0,0,0,-0.510302,-0.510302
23,19,-0.356202,0,0,0,0,-1.11557,-1.11557
23,20,0.181061,0,0,0,0,0.567057,0.567057
23,21,0.211287,0,0,0,0,0.661721,0.661721
24,1,-0.291292,0,0,0,0,-0.912285,-0.912285
24,2,0.746693,0,0,0,0,2.33854,2.33854
24,3,0.352293,0,0,0,0,1.10333,1.10333
24,4,-0.281357,0,0,0,0,-0.88117,-0.88117
24,5,0.00945187,0,0,0,0,0.0296019,0.0296019
24,6,0.23274,0,0,0,0,0.728908,0.728908
24,7,-0.130989,0,0,0,0,-0.410239,-0.410239
24,8,-0.061169,0,0,0,0,-0.191573,-0.191573
24,9,-0.377701,0,0,0,0,-1.18291,-1.18291
24,10,-0.198736,0,0,0,0,-0.622413,-0.622413
24,11,-0.279096,0,0,0,0,-0.874089,-0.874089
24,12,0.167823,0,0,0,0,0.525598,0.525598
24,13,-0.516145,0,0,0,0,-1.61649,-1.61649
24,14,0.0476781,0,0,0,0,0.149321,0.149321
24,15,0.20487,0,0,0,0,0.641623,0.641623
24,16,0.101295,0,0,0,0,0.317241,0.317241
24,17,-0.644257,0,0,0,0,-2.01772,-2.01772
24,18,-0.0550163,0,0,0,0,-0.172303,-0.172303
24,19,-0.366253,0,0,0,0,-1.14705,-1.14705
24,20,0.113479,0,0,0,0,0.3554,0.3554
24,21,0.234155,0,0,0,0,0.73334,0.73334
25,1,-0.146726,0,0,0,0,-0.459525,-0.459525
25,2,-0.0722311,0,0,0,0,-0.226217,-0.226217
25,3,0.146335,0,0,0,0,0.4583,0.4583
25,4,0.0282013,0,0,0,0,0.0883224,0.0883224
25,5,-0.380918,0,0,0,0,-1.19298,-1.19298
25,6,-0.0670522,0,0,0,0,-0.209998,-0.209998
25,7,-0.391199,0,0,0,0,-1.22518,-1.22518
25,8,0.101005,0,0,0,0,0.316333,0.316333
25,9,-0.346611,0,0,0,0,-1.08554,-1.08554
25,10,-0.0897178,0,0,0,0,-0.280983,-0.280983
25,11,-0.275113,0,0,0,0,-0.861614,-0.861614
25,12,0.504335,0,0,0,0,1.5795,1.5795
25,13,-0.136721,0,0,0,0,-0.428191,-0.428191
25,14,-0.096837,0,0,0,0,-0.30328,-0.30328
25,15,0.398211,0,0,0,0,1.24714,1.24714
25,16,0.289307,0,0,0,0,0.906068,0.906068
25,17,0.0712259,0,0,0,0,0.223069,0.223069
25,18,0.322948,0,0,0,0,1.01143,1.01143
25,19,-0.122429,0,0,0,0,-0.38343,-0.38343
25,20,-0.163968,0,0,0,0,-0.513524,-0.513524
25,21,0.0111912,0,0,0,0,0.0350492,0.0350492
26,1,-0.207126,0,0,0,0,-0.648689,-0.648689
26,2,0.408069,0,0,0,0,1.27801,1.27801
26,3,-0.207564,0,0,0,0,-0.650061,-0.650061
26,4,0.591853,0,0,0,0,1.8536,1.8536
26,5,-0.0674575,0,0,0,0,-0.211267,-0.211267
26,6,0.515133,0,0,0,0,1.61332,1.61332
26,7,0.0141815,0,0,0,0,0.0444144,0.0444144
26,8,-0.161603,0,0,0,0,-0.506117,-0.506117
26,9,0.507089,0,0,0,0,1.58813,1.58813
26,10,-0.162202,0,0,0,0,-0.507993,-0.507993
26,11,0.162606,0,0,0,0,0.509259,0.509259
26,12,-0.231178,0,0,0,0,-0.724016,-0.724016
26,13,0.481307,0,0,0,0,1.50738,1.50738
26,14,-0.696461,0,0,0,0,-2.18122,-2.18122
26,15,0.0963387,0,0,0,0,0.301719,0.301719
26,16,-0.254741,0,0,0,0,-0.797812,-0.797812
26,17,0.187894,0,0,0,0,0.588457,0.588457
26,18,0.225286,0,0,0,0,0.705563,0.705563
26,19,-0.41547,0,0,0,0,-1.30119,-1.30119
26,20,-0.362707,0,0,0,0,-1.13595,-1.13595
26,21,0.237325,0,0,0,0,0.743268,0.743268
27,1,0.043845,0,0,0,0,0.137316,0.137316
27,2,-0.135696,0,0,0,0,-0.42498,-0.42498
27,3,0.11793,0,0,0,0,0.36934,0.36934
27,4,-0.578257,0,0,0,0,-1.81102,-1.81102
27,5,-0.506068,0,0,0,0,-1.58493,-1.58493
27,6,0.449036,0,0,0,0,1.40632,1.40632
27,7,0.48995,0,0,0,0,1.53445,1.53445
27,8,-0.0170354,0,0,0,0,-0.0533524,-0.0533524
27,9,0.130147,0,0,0,0,0.407602,0.407602
27,10,-0.0989315,0,0,0,0,-0.309839,-0.309839
27,11,0.146608,0,0,0,0,0.459155,0.459155
27,12,-0.593244,0,0,0,0,-1.85795,-1.85795
27,13,0.223733,0,0,0,0,0.7007,0.7007
27,14,-0.367402,0,0,0,0,-1.15065,-1.15065
27,15,-0.239027,0,0,0,0,-0.748598,-0.748598
27,16,0.0419217,0,0,0,0,0.131293,0.131293
27,17,-0.469222,0,0,0,0,-1.46954,-1.46954
27,18,-0.193176,0,0,0,0,-0.604999,-0.604999
27,19,-2.37346e-05,0,0,0,0,-7.43334e-05,-7.43334e-05
27,20,-0.549665,0,0,0,0,-1.72147,-1.72147
27,21,0.528501,0,0,0,0,1.65519,1.65519
28,1,0.203043,0,0,0,0,0.635901,0.635901
28,2,0.064312,0,0,0,0,0.201416,0.201416
28,3,-0.00275164,0,0,0,0,-0.00861774,-0.00861774
28,4,0.269474,0,0,0,0,0.843954,0.843954
28,5,-0.244968,0,0,0,0,-0.767205,-0.767205
28,6,0.28048,0,0,0,0,0.878423,0.878423
28,7,0.203379,0,0,0,0,0.636954,0.636954
28,8,-0.215294,0,0,0,0,-0.67427,-0.67427
28,9,-0.587935,0,0,0,0,-1.84133,-1.84133
28,10,-0.658869,0,0,0,0,-2.06348,-2.06348
28,11,0.0385221,0,0,0,0,0.120646,0.120646
28,12,0.422644,0,0,0,0,1.32366,1.32366
28,13,-0.284873,0,0,0,0,-0.892181,-0.892181
28,14,0.343471,0,0,0,0,1.0757,1.0757
28,15,-0.0985914,0,0,0,0,-0.308774,-0.308774
28,16,-0.142141,0,0,0,0,-0.445165,-0.445165
28,17,0.0985919,0,0,0,0,0.308776,0.308776
28,18,-0.38524,0,0,0,0,-1.20652,-1.20652
28,19,-0.0948969,0,0,0,0,-0.297203,-0.297203
28,20,-0.11197,0,0,0,0,-0.350674,-0.350674
28,21,-0.108352,0,0,0,0,-0.339343,-0.339343
29,1,0.00753797,0,0,0,0,0.0236078,0.0236078
29,2,0.003989,0,0,0,0,0.012493,0.012493
29,3,-0.398964,0,0,0,0,-1.2495,-1.2495
29,4,0.0895467,0,0,0,0,0.280447,0.280447
29,5,-0.269199,0,0,0,0,-0.843093,-0.843093
29,6,-0.208027,0,0,0,0,-0.651511,-0.651511
29,7,-0.268566,0,0,0,0,-0.84111,-0.84111
29,8,-0.0850801,0,0,0,0,-0.266459,-0.266459
29,9,0.299565,0,0,0,0,0.938195,0.938195
29,10,-0.167971,0,0,0,0,-0.526061,-0.526061
29,11,0.352979,0,0,0,0,1.10548,1.10548
29,12,-0.105269,0,0,0,0,-0.329687,-0.329687
29,13,-0.0467129,0,0,0,0,-0.146298,-0.146298
29,14,-0.0213742,0,0,0,0,-0.0669409,-0.0669409
29,15,0.0255756,0,0,0,0,0.0800991,0.0800991
29,16,0.135915,0,0,0,0,0.425666,0.425666
29,17,-0.194424,0,0,0,0,-0.608908,-0.608908
29,18,-0.10775,0,0,0,0,-0.337458,-0.337458
29,19,-0.419694,0,0,0,0,-1.31442,-1.31442
29,20,-0.0385299,0,0,0,0,-0.12067,-0.12067
29,21,0.515321,0,0,0,0,1.61391,1.61391
30,1,-0.00597523,0,0,0,0,-0.0187136,-0.0187136
30,2,0.0338376,0,0,0,0,0.105975,0.105975
30,3,0.152235,0,0,0,0,0.476778,0.476778
30,4,-0.100145,0,0,0,0,-0.31364,-0.31364
30,5,-0.0380646,0,0,0,0,-0.119213,-0.119213
30,6,0.272264,0,0,0,0,0.852692,0.852692
30,7,0.13441,0,0,0,0,0.420953,0.420953
30,8,-0.153485,0,0,0,0,-0.480693,-0.480693
30,9,-0.14305,0,0,0,0,-0.448012,-0.448012
30,10,-0.113617,0,0,0,0,-0.355832,-0.355832
30,11,0.663349,0,0,0,0,2.07751,2.07751
30,12,-0.0557961,0,0,0,0,-0.174745,-0.174745
30,13,0.446047,0,0,0,0,1.39696,1.39696
30,14,0.104611,0,0,0,0,0.327627,0.327627
30,15,-0.0218149,0,0,0,0,-0.0683211,-0.0683211
30,16,0.277093,0,0,0,0,0.867815,0.867815
30,17,-0.557285,0,0,0,0,-1.74534,-1.74534
30,18,-0.453402,0,0,0,0,-1.41999,-1.41999
30,19,0.487067,0,0,0,0,1.52542,1.52542
30,20,-0.0161046,0,0,0,0,-0.0504373,-0.0504373
30,21,0.148015,0,0,0,0,0.463562,0.463562
31,1,-0.19346,0,0,0,0,-0.605889,-0.605889
31,2,0.1621,0,0,0,0,0.507674,0.507674
31,3,-0.16917,0,0,0,0,-0.529816,-0.529816
31,4,-0.247604,0,0,0,0,-0.77546,-0.77546
31,5,0.260336,0,0,0,0,0.815335,0.815335
31,6,0.110987,0,0,0,0,0.347595,0.347595
31,7,0.400333,0,0,0,0,1.25379,1.25379
31,8,0.456746,0,0,0,0,1.43046,1.43046
31,9,-0.238682,0,0,0,0,-0.747518,-0.747518
31,10,-0.460476,0,0,0,0,-1.44214,-1.44214
31,11,-0.370215,0,0,0,0,-1.15946,-1.15946
31,12,-0.163706,0,0,0,0,-0.512704,-0.512704
31,13,0.466412,0,0,0,0,1.46074,1.46074
31,14,-0.344648,0,0,0,0,-1.07939,-1.07939
31,15,-0.398408,0,0,0,0,-1.24776,-1.24776
31,16,-0.202032,0,0,0,0,-0.632735,-0.632735
31,17,-0.271208,0,0,0,0,-0.849384,-0.849384
31,18,0.0487961,0,0,0,0,0.152822,0.152822
31,19,0.242925,0,0,0,0,0.760806,0.760806
31,20,0.226091,0,0,0,0,0.708085,0.708085
31,21,-0.392807,0,0,0,0,-1.23022,-1.23022
32,1,0.0477164,0,0,0,0,0.149441,0.149441
32,2,-0.123795,0,0,0,0,-0.387708,-0.387708
32,3,-0.187307,0,0,0,0,-0.586619,-0.586619
32,4,-0.168181,0,0,0,0,-0.526719,-0.526719
32,5,-0.0131701,0,0,0,0,-0.0412469,-0.0412469
32,6,0.673479,0,0,0,0,2.10924,2.10924
32,7,0.299561,0,0,0,0,0.938182,0.938182
32,8,0.305577,0,0,0,0,0.957023,0.957023
32,9,-0.317593,0,0,0,0,-0.994656,-0.994656
32,10,-0.0467142,0,0,0,0,-0.146302,-0.146302
32,11,-0.025536,0,0,0,0,-0.0799751,-0.0799751
32,12,-0.305661,0,0,0,0,-0.957286,-0.957286
32,13,-0.0836198,0,0,0,0,-0.261885,-0.261885
32,14,-0.411807,0,0,0,0,-1.28972,-1.28972
32,15,-0.00712534,0,0,0,0,-0.0223155,-0.0223155
32,16,0.0568342,0,0,0,0,0.177997,0.177997
32,17,-0.0773197,0,0,0,0,-0.242154,-0.242154
32,18,0.225828,0,0,0,0,0.707261,0.707261
32,19,0.119739,0,0,0,0,0.375005,0.375005
32,20,0.0379258,0,0,0,0,0.118778,0.118778
32,21,0.546576,0,0,0,0,1.7118,1.7118
33,1,0.123251,0,0,0,0,0.386004,0.386004
33,2,0.205316,0,0,0,0,0.64302,0.64302
33,3,-0.108544,0,0,0,0,-0.339944,-0.339944
33,4,0.193275,0,0,0,0,0.60531,0.60531
33,5,-0.0248929,0,0,0,0,-0.077961,-0.077961
33,6,-0.673836,0,0,0,0,-2.11036,-2.11036
33,7,-0.580739,0,0,0,0,-1.81879,-1.81879
33,8,0.530129,0,0,0,0,1.66029,1.66029
33,9,0.224186,0,0,0,0,0.702118,0.702118
33,10,-0.536226,0,0,0,0,-1.67938,-1.67938
33,11,-0.228054,0,0,0,0,-0.714232,-0.714232
33,12,0.18274,0,0,0,0,0.572315,0.572315
33,13,-0.213598,0,0,0,0,-0.668958,-0.668958
33,14,-0.060726,0,0,0,0,-0.190185,-0.190185
33,15,-0.139453,0,0,0,0,-0.436747,-0.436747
33,16,-0.326176,0,0,0,0,-1.02154,-1.02154
33,17,-0.347041,0,0,0,0,-1.08688,-1.08688
33,18,0.0284361,0,0,0,0,0.0890578,0.0890578
33,19,-0.0878736,0,0,0,0,-0.275207,-0.275207
33,20,-0.0793801,0,0,0,0,-0.248607,-0.248607
33,21,0.153323,0,0,0,0,0.480186,0.480186
34,1,-0.30045,0,0,0,0,-0.940966,-0.940966
34,2,0.175105,0,0,0,0,0.548404,0.548404
34,3,0.0657925,0,0,0,0,0.206053,0.206053
34,4,0.407404,0,0,0,0,1.27593,1.27593
34,5,0.088698,0,0,0,0,0.277789,0.277789
34,6,-0.0972329,0,0,0,0,-0.304519,-0.304519
34,7,-0.16842,0,0,0,0,-0.527467,-0.527467
34,8,0.160245,0,0,0,0,0.501864,0.501864
34,9,-0.10129,0,0,0,0,-0.317226,-0.317226
34,10,-0.128456,0,0,0,0,-0.402306,-0.402306
34,11,-0.558015,0,0,0,0,-1.74762,-1.74762
34,12,-0.125573,0,0,0,0,-0.393277,-0.393277
34,13,-0.295313,0,0,0,0,-0.924878,-0.924878
34,14,0.602049,0,0,0,0,1.88553,1.88553
34,15,-0.345541,0,0,0,0,-1.08218,-1.08218
34,16,-0.429005,0,0,0,0,-1.34358,-1.34358
34,17,-0.0425779,0,0,0,0,-0.133348,-0.133348
34,18,0.0978358,0,0,0,0,0.306408,0.306408
34,19,0.445797,0,0,0,0,1.39617,1.39617
34,20,0.25476,0,0,0,0,0.797872,0.797872
34,21,-0.133484,0,0,0,0,-0.418053,-0.418053
35,1,0.109328,0,0,0,0,0.3424,0.3424
35,2,0.0807909,0,0,0,0,0.253025,0.253025
35,3,-0.21769,0,0,0,0,-0.681774,-0.681774
35,4,-0.485651,0,0,0,0,-1.52099,-1.52099
35,5,-0.00538544,0,0,0,0,-0.0168664,-0.0168664
35,6,0.380695,0,0,0,0,1.19228,1.19228
35,7,-0.318957,0,0,0,0,-0.998927,-0.998927
35,8,0.0978645,0,0,0,0,0.306498,0.306498
35,9,0.293059,0,0,0,0,0.917819,0.917819
35,10,-0.28425,0,0,0,0,-0.89023,-0.89023
35,11,-0.127655,0,0,0,0,-0.399797,-0.399797
35,12,-0.0217148,0,0,0,0,-0.0680076,-0.0680076
35,13,1.16653,0,0,0,0,3.6534,3.6534
35,14,-0.28609,0,0,0,0,-0.895993,-0.895993
35,15,0.173122,0,0,0,0,0.542193,0.542193
35,16,-0.40548,0,0,0,0,-1.26991,-1.26991
35,17,0.232866,0,0,0,0,0.729303,0.729303
35,18,-0.0436238,0,0,0,0,-0.136623,-0.136623
35,19,-1.04652,0,0,0,0,-3.27755,-3.27755
35,20,-0.186065,0,0,0,0,-0.582729,-0.582729
35,21,0.170479,0,0,0,0,0.533916,0.533916
36,1,0.379282,0,0,0,0,1.18786,1.18786
36,2,0.126392,0,0,0,0,0.395842,0.395842
36,3,0.156558,0,0,0,0,0.490317,0.490317
36,4,0.164317,0,0,0,0,0.514617,0.514617
36,5,-0.37761,0,0,0,0,-1.18262,-1.18262
36,6,-0.030862,0,0,0,0,-0.0966553,-0.0966553
36,7,-0.0532971,0,0,0,0,-0.166919,-0.166919
36,8,0.369808,0,0,0,0,1.15819,1.15819
36,9,0.125548,0,0,0,0,0.393198,0.393198
36,10,-0.537784,0,0,0,0,-1.68426,-1.68426
36,11,-0.305663,0,0,0,0,-0.957293,-0.957293
36,12,-0.0254541,0,0,0,0,-0.0797186,-0.0797186
36,13,0.113996,0,0,0,0,0.357019,0.357019
36,14,-0.2544,0,0,0,0,-0.796744,-0.796744
36,15,-0.164701,0,0,0,0,-0.51582,-0.51582
36,16,0.342581,0,0,0,0,1.07291,1.07291
36,17,-0.595084,0,0,0,0,-1.86372,-1.86372
36,18,0.681032,0,0,0,0,2.13289,2.13289
36,19,0.00926922,0,0,0,0,0.0290299,0.0290299
36,20,-0.0733516,0,0,0,0,-0.229727,-0.229727
36,21,0.339581,0,0,0,0,1.06352,1.06352
37,1,0.206605,0,0,0,0,0.647057,0.647057
37,2,-0.0410628,0,0,0,0,-0.128603,-0.128603
37,3,-0.21289,0,0,0,0,-0.666741,-0.666741
37,4,0.26398,0,0,0,0,0.826747,0.826747
37,5,0.31263,0,0,0,0,0.979112,0.979112
37,6,-0.212602,0,0,0,0,-0.665839,-0.665839
37,7,0.0326626,0,0,0,0,0.102295,0.102295
37,8,0.251185,0,0,0,0,0.786675,0.786675
37,9,-0.215524,0,0,0,0,-0.67499,-0.67499
37,10,0.0461165,0,0,0,0,0.14443,0.14443
37,11,0.115414,0,0,0,0,0.36146,0.36146
37,12,0.25888,0,0,0,0,0.810775,0.810775
37,13,0.236557,0,0,0,0,0.740863,0.740863
37,14,0.30124,0,0,0,0,0.94344,0.94344
37,15,-0.484729,0,0,0,0,-1.5181,-1.5181
37,16,0.186125,0,0,0,0,0.582917,0.582917
37,17,-0.251021,0,0,0,0,-0.786162,-0.786162
37,18,-0.11512,0,0,0,0,-0.360539,-0.360539
37,19,0.117789,0,0,0,0,0.368898,0.368898
37,20,0.348081,0,0,0,0,1.09014,1.09014
37,21,0.292534,0,0,0,0,0.916174,0.916174
38,1,-0.0730504,0,0,0,0,-0.228783,-0.228783
38,2,-0.658878,0,0,0,0,-2.06351,-2.06351
38,3,0.168038,0,0,0,0,0.526271,0.526271
38,4,0.359867,0,0,0,0,1.12705,1.12705
38,5,0.24281,0,0,0,0,0.760446,0.760446
38,6,-0.339327,0,0,0,0,-1.06272,-1.06272
38,7,0.15637,0,0,0,0,0.489728,0.489728
38,8,-0.440825,0,0,0,0,-1.3806,-1.3806
38,9,0.068245,0,0,0,0,0.213734,0.213734
38,10,0.143141,0,0,0,0,0.448297,0.448297
38,11,0.462119,0,0,0,0,1.44729,1.44729
38,12,-0.209486,0,0,0,0,-0.65608,-0.65608
38,13,-0.0170806,0,0,0,0,-0.053494,-0.053494
38,14,-0.181656,0,0,0,0,-0.56892,-0.56892
38,15,-0.14468,0,0,0,0,-0.453117,-0.453117
38,16,-0.0725824,0,0,0,0,-0.227318,-0.227318
38,17,0.00867952,0,0,0,0,0.027183,0.027183
38,18,-0.155392,0,0,0,0,-0.486665,-0.486665
38,19,0.211102,0,0,0,0,0.661141,0.661141
38,20,-0.258888,0,0,0,0,-0.8108,-0.8108
38,21,-0.0264025,0,0,0,0,-0.0826888,-0.0826888
39,1,0.117499,0,0,0,0,0.36799,0.36799
39,2,0.315953,0,0,0,0,0.989519,0.989519
39,3,0.534988,0,0,0,0,1.67551,1.67551
39,4,-0.0224527,0,0,0,0,-0.0703186,-0.0703186
39,5,-0.00664873,0,0,0,0,-0.0208229,-0.0208229
39,6,0.338047,0,0,0,0,1.05871,1.05871
39,7,-0.434705,0,0,0,0,-1.36143,-1.36143
39,8,0.285603,0,0,0,0,0.894468,0.894468
39,9,0.249426,0,0,0,0,0.781166,0.781166
39,10,-0.0791431,0,0,0,0,-0.247865,-0.247865
39,11,0.224851,0,0,0,0,0.704201,0.704201
39,12,0.645455,0,0,0,0,2.02147,2.02147
39,13,-0.203656,0,0,0,0,-0.637821,-0.637821
39,14,-0.148549,0,0,0,0,-0.465234,-0.465234
39,15,0.152081,0,0,0,0,0.476296,0.476296
39,16,0.0679489,0,0,0,0,0.212806,0.212806
39,17,-0.356944,0,0,0,0,-1.1179,-1.1179
39,18,-0.188795,0,0,0,0,-0.591279,-0.591279
39,19,0.375191,0,0,0,0,1.17504,1.17504
39,20,-0.440931,0,0,0,0,-1.38093,-1.38093
39,21,-0.544898,0,0,0,0,-1.70654,-1.70654
40,1,0.0628816,0,0,0,0,0.196936,0.196936
40,2,-0.261034,0,0,0,0,-0.817521,-0.817521
40,3,-0.789163,0,0,0,0,-2.47155,-2.47155
40,4,-0.311247,0,0,0,0,-0.974781,-0.974781
40,5,0.00289817,0,0,0,0,0.00907665,0.00907665
40,6,0.191604,0,0,0,0,0.600076,0.600076
40,7,-0.0741081,0,0,0,0,-0.232096,-0.232096
40,8,0.22194,0,0,0,0,0.695084,0.695084
40,9,-0.852968,0,0,0,0,-2.67137,-2.67137
40,10,0.353462,0,0,0,0,1.10699,1.10699
40,11,0.530521,0,0,0,0,1.66152,1.66152
40,12,-0.0358795,0,0,0,0,-0.112369,-0.112369
40,13,-0.115162,0,0,0,0,-0.360671,-0.360671
40,14,0.303877,0,0,0,0,0.951699,0.951699
40,15,-0.160326,0,0,0,0,-0.502118,-0.502118
40,16,0.64197,0,0,0,0,2.01056,2.01056
40,17,0.331578,0,0,0,0,1.03845,1.03845
40,18,0.137776,0,0,0,0,0.431495,0.431495
40,19,-0.302545,0,0,0,0,-0.947527,-0.947527
40,20,-0.0752416,0,0,0,0,-0.235646,-0.235646
40,21,0.0838678,0,0,0,0,0.262662,0.262662
41,1,0.166845,0,0,0,0,0.522535,0.522535
41,2,-0.254697,0,0,0,0,-0.797674,-0.797674
41,3,0.403824,0,0,0,0,1.26472,1.26472
41,4,0.0241887,0,0,0,0,0.0757555,0.0757555
41,5,-0.0243479,0,0,0,0,-0.0762541,-0.0762541
41,6,-0.0683824,0,0,0,0,-0.214164,-0.214164
41,7,-0.0801042,0,0,0,0,-0.250875,-0.250875
41,8,-0.396581,0,0,0,0,-1.24203,-1.24203
41,9,-0.588954,0,0,0,0,-1.84452,-1.84452
41,10,-0.0384812,0,0,0,0,-0.120518,-0.120518
41,11,-0.20472,0,0,0,0,-0.641154,-0.641154
41,12,0.633311,0,0,0,0,1.98344,1.98344
41,13,0.202359,0,0,0,0,0.633759,0.633759
41,14,0.18344,0,0,0,0,0.574508,0.574508
41,15,0.0352484,0,0,0,0,0.110393,0.110393
41,16,-0.129904,0,0,0,0,-0.406841,-0.406841
41,17,0.49595,0,0,0,0,1.55324,1.55324
41,18,0.803868,0,0,0,0,2.5176,2.5176
41,19,-0.118239,0,0,0,0,-0.370308,-0.370308
41,20,-0.21896,0,0,0,0,-0.685751,-0.685751
41,21,0.513733,0,0,0,0,1.60894,1.60894
42,1,0.328318,0,0,0,0,1.02824,1.02824
42,2,-0.179241,0,0,0,0,-0.561357,-0.561357
42,3,0.191821,0,0,0,0,0.600756,0.600756
42,4,0.33514,0,0,0,0,1.04961,1.04961
42,5,-0.276571,0,0,0,0,-0.866181,-0.866181
42,6,0.469684,0,0,0,0,1.47098,1.47098
42,7,-0.273547,0,0,0,0,-0.85671,-0.85671
42,8,-0.210001,0,0,0,0,-0.657693,-0.657693
42,9,-0.149528,0,0,0,0,-0.4683,-0.4683
42,10,0.483444,0,0,0,0,1.51408,1.51408
42,11,0.240653,0,0,0,0,0.753691,0.753691
42,12,-0.0193989,0,0,0,0,-0.0607546,-0.0607546
42,13,0.125378,0,0,0,0,0.392666,0.392666
42,14,0.149899,0,0,0,0,0.469462,0.469462
42,15,-0.581608,0,0,0,0,-1.82151,-1.82151
42,16,-0.348161,0,0,0,0,-1.09039,-1.09039
42,17,0.549509,0,0,0,0,1.72098,1.72098
42,18,-0.176915,0,0,0,0,-0.554072,-0.554072
42,19,0.00774489,0,0,0,0,0.0242559,0.0242559
42,20,-0.0172887,0,0,0,0,-0.0541457,-0.0541457
42,21,-0.303425,0,0,0,0,-0.950283,-0.950283
43,1,-0.483509,0,0,0,0,-1.51428,-1.51428
43,2,0.416799,0,0,0,0,1.30535,1.30535
43,3,-0.497182,0,0,0,0,-1.5571,-1.5571
43,4,0.177507,0,0,0,0,0.555926,0.555926
43,5,-0.232403,0,0,0,0,-0.727853,-0.727853
43,6,-0.793739,0,0,0,0,-2.48588,-2.48588
43,7,-0.645857,0,0,0,0,-2.02273,-2.02273
43,8,-0.112173,0,0,0,0,-0.35131,-0.35131
43,9,-0.355192,0,0,0,0,-1.11241,-1.11241
43,10,-0.602242,0,0,0,0,-1.88614,-1.88614
43,11,-0.0704277,0,0,0,0,-0.220569,-0.220569
43,12,0.1334,0,0,0,0,0.41779,0.41779
43,13,0.212043,0,0,0,0,0.664088,0.664088
43,14,-0.21887,0,0,0,0,-0.685469,-0.685469
43,15,-0.182184,0,0,0,0,-0.570574,-0.570574
43,16,0.199304,0,0,0,0,0.624191,0.624191
43,17,0.24532,0,0,0,0,0.768307,0.768307
43,18,-0.190582,0,0,0,0,-0.596875,-0.596875
43,19,0.359306,0,0,0,0,1.12529,1.12529
43,20,-0.508894,0,0,0,0,-1.59378,-1.59378
43,21,0.164232,0,0,0,0,0.514351,0.514351
44,1,-0.649797,0,0,0,0,-2.03507,-2.03507
44,2,-0.612188,0,0,0,0,-1.91728,-1.91728
44,3,0.245864,0,0,0,0,0.770011,0.770011
44,4,0.129858,0,0,0,0,0.406697,0.406697
44,5,-0.131945,0,0,0,0,-0.413233,-0.413233
44,6,0.472049,0,0,0,0,1.47839,1.47839
44,7,0.13899,0,0,0,0,0.435297,0.435297
44,8,0.366783,0,0,0,0,1.14871,1.14871
44,9,-0.275257,0,0,0,0,-0.862065,-0.862065
44,10,0.107475,0,0,0,0,0.336596,0.336596
44,11,0.136008,0,0,0,0,0.425958,0.425958
44,12,-0.288663,0,0,0,0,-0.904051,-0.904051
44,13,-0.0940688,0,0,0,0,-0.29461,-0.29461
44,14,0.0692973,0,0,0,0,0.217029,0.217029
44,15,0.442351,0,0,0,0,1.38538,1.38538
44,16,0.112071,0,0,0,0,0.35099,0.35099
44,17,0.426091,0,0,0,0,1.33446,1.33446
44,18,-0.0846012,0,0,0,0,-0.264959,-0.264959
44,19,0.415459,0,0,0,0,1.30116,1.30116
44,20,0.494826,0,0,0,0,1.54972,1.54972
44,21,0.0575357,0,0,0,0,0.180194,0.180194
45,1,0.488731,0,0,0,0,1.53064,1.53064
45,2,-0.110679,0,0,0,0,-0.346631,-0.346631
45,3,0.519092,0,0,0,0,1.62572,1.62572
45,4,0.266326,0,0,0,0,0.834095,0.834095
45,5,-0.181566,0,0,0,0,-0.568639,-0.568639
45,6,0.446693,0,0,0,0,1.39898,1.39898
45,7,0.460609,0,0,0,0,1.44256,1.44256
45,8,0.538701,0,0,0,0,1.68713,1.68713
45,9,-0.128488,0,0,0,0,-0.402406,-0.402406
45,10,-0.258394,0,0,0,0,-0.809253,-0.809253
45,11,0.168268,0,0,0,0,0.526991,0.526991
45,12,-0.138542,0,0,0,0,-0.433894,-0.433894
45,13,-0.121085,0,0,0,0,-0.379221,-0.379221
45,14,-0.142013,0,0,0,0,-0.444764,-0.444764
45,15,-0.0978973,0,0,0,0,-0.3066,-0.3066
45,16,0.693731,0,0,0,0,2.17267,2.17267
45,17,0.49243,0,0,0,0,1.54222,1.54222
45,18,0.138984,0,0,0,0,0.435278,0.435278
45,19,-0.454664,0,0,0,0,-1.42394,-1.42394
45,20,-0.0207632,0,0,0,0,-0.0650274,-0.0650274
45,21,-0.0112584,0,0,0,0,-0.0352597,-0.0352597
46,1,-0.677388,0,0,0,0,-2.12148,-2.12148
46,2,0.0491339,0,0,0,0,0.15388,0.15388
46,3,0.261414,0,0,0,0,0.818711,0.818711
46,4,-0.747046,0,0,0,0,-2.33964,-2.33964
46,5,0.593756,0,0,0,0,1.85956,1.85956
46,6,0.0117239,0,0,0,0,0.0367176,0.0367176
46,7,-0.351353,0,0,0,0,-1.10039,-1.10039
46,8,0.00948307,0,0,0,0,0.0296996,0.0296996
46,9,0.119827,0,0,0,0,0.375281,0.375281
46,10,0.290531,0,0,0,0,0.909901,0.909901
46,11,-0.498998,0,0,0,0,-1.56279,-1.56279
46,12,0.0572328,0,0,0,0,0.179245,0.179245
46,13,-0.125588,0,0,0,0,-0.393324,-0.393324
46,14,0.248727,0,0,0,0,0.778977,0.778977
46,15,-0.646266,0,0,0,0,-2.02401,-2.02401
46,16,0.110272,0,0,0,0,0.345356,0.345356
46,17,0.116161,0,0,0,0,0.3638,0.3638
46,18,-0.288377,0,0,0,0,-0.903155,-0.903155
46,19,0.148909,0,0,0,0,0.466362,0.466362
46,20,0.0321336,0,0,0,0,0.100638,0.100638
46,21,0.0359358,0,0,0,0,0.112546,0.112546
47,1,-0.0302707,0,0,0,0,-0.0948035,-0.0948035
47,2,0.225152,0,0,0,0,0.705144,0.705144
47,3,0.0488791,0,0,0,0,0.153082,0.153082
47,4,-0.373595,0,0,0,0,-1.17005,-1.17005
47,5,0.153432,0,0,0,0,0.480527,0.480527
47,6,0.0291244,0,0,0,0,0.0912134,0.0912134
47,7,-0.0642461,0,0,0,0,-0.20121,-0.20121
47,8,0.184627,0,0,0,0,0.578225,0.578225
47,9,-0.353182,0,0,0,0,-1.10612,-1.10612
47,10,0.486813,0,0,0,0,1.52463,1.52463
47,11,0.209339,0,0,0,0,0.65562,0.65562
47,12,0.687565,0,0,0,0,2.15335,2.15335
47,13,0.331461,0,0,0,0,1.03809,1.03809
47,14,0.385606,0,0,0,0,1.20766,1.20766
47,15,-0.112751,0,0,0,0,-0.35312,-0.35312
47,16,-0.157982,0,0,0,0,-0.494777,-0.494777
47,17,0.518777,0,0,0,0,1.62474,1.62474
47,18,-0.0182822,0,0,0,0,-0.0572572,-0.0572572
47,19,-0.0258308,0,0,0,0,-0.0808984,-0.0808984
47,20,0.471972,0,0,0,0,1.47815,1.47815
47,21,0.326385,0,0,0,0,1.02219,1.02219
48,1,0.371577,0,0,0,0,1.16373,1.16373
48,2,0.141603,0,0,0,0,0.44348,0.44348
48,3,0.119348,0,0,0,0,0.373781,0.373781
48,4,-0.62919,0,0,0,0,-1.97053,-1.97053
48,5,0.123861,0,0,0,0,0.387915,0.387915
48,6,-0.0328474,0,0,0,0,-0.102873,-0.102873
48,7,0.326342,0,0,0,0,1.02206,1.02206
48,8,-0.210269,0,0,0,0,-0.658532,-0.658532
48,9,0.164297,0,0,0,0,0.514555,0.514555
48,10,0.0213846,0,0,0,0,0.0669735,0.0669735
48,11,-0.264144,0,0,0,0,-0.827261,-0.827261
48,12,-0.492478,0,0,0,0,-1.54237,-1.54237
48,13,-0.159531,0,0,0,0,-0.499628,-0.499628
48,14,0.559301,0,0,0,0,1.75165,1.75165
48,15,0.146649,0,0,0,0,0.459284,0.459284
48,16,-0.164543,0,0,0,0,-0.515325,-0.515325
48,17,-0.417432,0,0,0,0,-1.30734,-1.30734
48,18,-0.168208,0,0,0,0,-0.526803,-0.526803
48,19,-0.424501,0,0,0,0,-1.32948,-1.32948
48,20,-0.065611,0,0,0,0,-0.205484,-0.205484
48,21,0.046632,0,0,0,0,0.146045,0.146045
49,1,-0.198474,0,0,0,0,-0.621592,-0.621592
49,2,0.123046,0,0,0,0,0.385362,0.385362
49,3,-0.173499,0,0,0,0,-0.543374,-0.543374
49,4,0.28846,0,0,0,0,0.903415,0.903415
49,5,-0.153919,0,0,0,0,-0.482052,-0.482052
49,6,-0.157109,0,0,0,0,-0.492043,-0.492043
49,7,-0.598874,0,0,0,0,-1.87559,-1.87559
49,8,0.168904,0,0,0,0,0.528983,0.528983
49,9,0.0771756,0,0,0,0,0.241703,0.241703
49,10,0.486528,0,0,0,0,1.52374,1.52374
49,11,0.103306,0,0,0,0,0.32354,0.32354
49,12,0.303622,0,0,0,0,0.9509,0.9509
49,13,-0.155641,0,0,0,0,-0.487445,-0.487445
49,14,0.19565,0,0,0,0,0.612748,0.612748
49,15,-0.191878,0,0,0,0,-0.600934,-0.600934
49,16,0.118886,0,0,0,0,0.372334,0.372334
49,17,-0.0849814,0,0,0,0,-0.26615,-0.26615
49,18,0.0873067,0,0,0,0,0.273432,0.273432
49,19,-0.00276347,0,0,0,0,-0.00865479,-0.00865479
49,20,0.134104,0,0,0,0,0.419994,0.419994
49,21,0.0328648,0,0,0,0,0.102928,0.102928
50,1,0.348113,0,0,0,0,1.09024,1.09024
50,2,0.0325352,0,0,0,0,0.101896,0.101896
50,3,0.400181,0,0,0,0,1.25331,1.25331
50,4,-0.0442026,0,0,0,0,-0.138436,-0.138436
50,5,-0.459678,0,0,0,0,-1.43965,-1.43965
50,6,-0.545984,0,0,0,0,-1.70994,-1.70994
50,7,0.182736,0,0,0,0,0.572303,0.572303
50,8,-0.582092,0,0,0,0,-1.82303,-1.82303
50,9,-0.000105486,0,0,0,0,-0.000330367,-0.000330367
50,10,0.350919,0,0,0,0,1.09903,1.09903
50,11,0.335258,0,0,0,0,1.04998,1.04998
50,12,-0.239336,0,0,0,0,-0.749566,-0.749566
50,13,0.387363,0,0,0,0,1.21317,1.21317
50,14,-0.675283,0,0,0,0,-2.11489,-2.11489
50,15,-0.410443,0,0,0,0,-1.28545,-1.28545
50,16,-0.147045,0,0,0,0,-0.460524,-0.460524
50,17,-0.317634,0,0,0,0,-0.994784,-0.994784
50,18,0.273082,0,0,0,0,0.855254,0.855254
50,19,-0.486373,0,0,0,0,-1.52325,-1.52325
50,20,0.413708,0,0,0,0,1.29567,1.29567
50,21,0.277971,0,0,0,0,0.870565,0.870565
51,1,0.119516,0,0,0,0,0.374307,0.374307
51,2,-0.528057,0,0,0,0,-1.6538,-1.6538
51,3,0.326776,0,0,0,0,1.02342,1.02342
51,4,-0.593072,0,0,0,0,-1.85742,-1.85742
51,5,-0.186653,0,0,0,0,-0.58457,-0.58457
51,6,0.487047,0,0,0,0,1.52536,1.52536
51,7,0.0649363,0,0,0,0,0.203371,0.203371
51,8,-0.316485,0,0,0,0,-0.991186,-0.991186
51,9,-0.319876,0,0,0,0,-1.00181,-1.00181
51,10,0.711013,0,0,0,0,2.22679,2.22679
51,11,0.468845,0,0,0,0,1.46836,1.46836
51,12,-0.186001,0,0,0,0,-0.582528,-0.582528
51,13,0.289713,0,0,0,0,0.907339,0.907339
51,14,-0.0603709,0,0,0,0,-0.189073,-0.189073
51,15,-0.110635,0,0,0,0,-0.346493,-0.346493
51,16,-0.0250045,0,0,0,0,-0.0783105,-0.0783105
51,17,-0.0155754,0,0,0,0,-0.0487799,-0.0487799
51,18,0.52456,0,0,0,0,1.64285,1.64285
51,19,0.428064,0,0,0,0,1.34063,1.34063
51,20,0.485173,0,0,0,0,1.51949,1.51949
51,21,0.136889,0,0,0,0,0.428717,0.428717
52,1,0.0399186,0,0,0,0,0.125019,0.125019
52,2,0.20821,0,0,0,0,0.652084,0.652084
52,3,0.232943,0,0,0,0,0.729544,0.729544
52,4,0.281107,0,0,0,0,0.880387,0.880387
52,5,0.162666,0,0,0,0,0.509447,0.509447
52,6,-0.108357,0,0,0,0,-0.339359,-0.339359
52,7,0.0757501,0,0,0,0,0.237238,0.237238
52,8,-0.299853,0,0,0,0,-0.939097,-0.939097
52,9,-0.221908,0,0,0,0,-0.694984,-0.694984
52,10,-0.358284,0,0,0,0,-1.12209,-1.12209
52,11,0.35042,0,0,0,0,1.09747,1.09747
52,12,0.0631947,0,0,0,0,0.197917,0.197917
52,13,-0.555273,0,0,0,0,-1.73904,-1.73904
52,14,0.351675,0,0,0,0,1.1014,1.1014
52,15,-0.0186011,0,0,0,0,-0.058256,-0.058256
52,16,-0.583528,0,0,0,0,-1.82753,-1.82753
52,17,-0.0594381,0,0,0,0,-0.186152,-0.186152
52,18,-0.0699091,0,0,0,0,-0.218945,-0.218945
52,19,-0.092269,0,0,0,0,-0.288973,-0.288973
52,20,-0.291055,0,0,0,0,-0.911542,-0.911542
52,21,0.100418,0,0,0,0,0.314495,0.314495
53,1,0.172922,0,0,0,0,0.541567,0.541567
53,2,-0.25766,0,0,0,0,-0.806954,-0.806954
53,3,-0.0601732,0,0,0,0,-0.188454,-0.188454
53,4,0.131561,0,0,0,0,0.41203,0.41203
53,5,0.0142284,0,0,0,0,0.0445613,0.0445613
53,6,0.222937,0,0,0,0,0.698207,0.698207
53,7,0.378016,0,0,0,0,1.18389,1.18389
53,8,-0.411408,0,0,0,0,-1.28847,-1.28847
53,9,0.19121,0,0,0,0,0.598842,0.598842
53,10,0.384367,0,0,0,0,1.20378,1.20378
53,11,0.0596761,0,0,0,0,0.186897,0.186897
53,12,-0.0152976,0,0,0,0,-0.0479099,-0.0479099
53,13,-0.0597706,0,0,0,0,-0.187193,-0.187193
53,14,-0.989933,0,0,0,0,-3.10033,-3.10033
53,15,-0.369687,0,0,0,0,-1.15781,-1.15781
53,16,-0.165452,0,0,0,0,-0.518172,-0.518172
53,17,0.143919,0,0,0,0,0.450734,0.450734
53,18,0.432883,0,0,0,0,1.35573,1.35573
53,19,-0.774169,0,0,0,0,-2.42459,-2.42459
53,20,0.0797515,0,0,0,0,0.24977,0.24977
53,21,-0.281565,0,0,0,0,-0.881821,-0.881821
54,1,-0.471112,0,0,0,0,-1.47546,-1.47546
54,2,0.0482834,0,0,0,0,0.151217,0.151217
54,3,-0.268949,0,0,0,0,-0.84231,-0.84231
54,4,-0.123002,0,0,0,0,-0.385225,-0.385225
54,5,-0.412742,0,0,0,0,-1.29265,-1.29265
54,6,-0.0623038,0,0,0,0,-0.195127,-0.195127
54,7,0.294933,0,0,0,0,0.923688,0.923688
54,8,0.248719,0,0,0,0,0.778952,0.778952
54,9,-0.106205,0,0,0,0,-0.332619,-0.332619
54,10,-0.153539,0,0,0,0,-0.480862,-0.480862
54,11,-0.126099,0,0,0,0,-0.394924,-0.394924
54,12,-0.0385614,0,0,0,0,-0.120769,-0.120769
54,13,-0.34113,0,0,0,0,-1.06837,-1.06837
54,14,-0.362853,0,0,0,0,-1.1364,-1.1364
54,15,-0.183251,0,0,0,0,-0.573916,-0.573916
54,16,0.04077,0,0,0,0,0.127686,0.127686
54,17,0.983952,0,0,0,0,3.0816,3.0816
54,18,0.467498,0,0,0,0,1.46414,1.46414
54,19,-0.343769,0,0,0,0,-1.07664,-1.07664
54,20,-0.012144,0,0,0,0,-0.0380333,-0.0380333
54,21,-0.0104031,0,0,0,0,-0.032581,-0.032581
55,1,0.328408,0,0,0,0,1.02853,1.02853
55,2,0.678188,0,0,0,0,2.12399,2.12399
55,3,0.325263,0,0,0,0,1.01868,1.01868
55,4,0.392521,0,0,0,0,1.22932,1.22932
55,5,0.586419,0,0,0,0,1.83658,1.83658
55,6,0.0725515,0,0,0,0,0.227221,0.227221
55,7,0.250419,0,0,0,0,0.784276,0.784276
55,8,-0.136377,0,0,0,0,-0.427113,-0.427113
55,9,0.0850675,0,0,0,0,0.266419,0.266419
55,10,-0.172945,0,0,0,0,-0.541639,-0.541639
55,11,-0.101379,0,0,0,0,-0.317504,-0.317504
55,12,0.509083,0,0,0,0,1.59437,1.59437
55,13,-0.0260468,0,0,0,0,-0.0815748,-0.0815748
55,14,0.115063,0,0,0,0,0.360361,0.360361
55,15,-0.253744,0,0,0,0,-0.79469,-0.79469
55,16,0.0454592,0,0,0,0,0.142372,0.142372
55,17,-0.37044,0,0,0,0,-1.16016,-1.16016
55,18,-0.397779,0,0,0,0,-1.24579,-1.24579
55,19,-0.123386,0,0,0,0,-0.386427,-0.386427
55,20,-0.0463977,0,0,0,0,-0.145311,-0.145311
55,21,-0.0541947,0,0,0,0,-0.16973,-0.16973
56,1,0.272077,0,0,0,0,0.852106,0.852106
56,2,0.0195055,0,0,0,0,0.0610884,0.0610884
56,3,0.127447,0,0,0,0,0.399146,0.399146
56,4,0.100619,0,0,0,0,0.315124,0.315124
56,5,-0.258894,0,0,0,0,-0.810819,-0.810819
56,6,0.229565,0,0,0,0,0.718965,0.718965
56,7,0.408243,0,0,0,0,1.27856,1.27856
56,8,0.361963,0,0,0,0,1.13362,1.13362
56,9,-0.0233921,0,0,0,0,-0.0732607,-0.0732607
56,10,0.284467,0,0,0,0,0.89091,0.89091
56,11,-0.159472,0,0,0,0,-0.499443,-0.499443
56,12,0.0359136,0,0,0,0,0.112476,0.112476
56,13,-0.199336,0,0,0,0,-0.624292,-0.624292
56,14,-0.603877,0,0,0,0,-1.89126,-1.89126
56,15,0.522982,0,0,0,0,1.6379,1.6379
56,16,-0.339555,0,0,0,0,-1.06344,-1.06344
56,17,-0.317549,0,0,0,0,-0.994518,-0.994518
56,18,-0.111972,0,0,0,0,-0.35068,-0.35068
56,19,0.115355,0,0,0,0,0.361275,0.361275
56,20,-0.14862,0,0,0,0,-0.465456,-0.465456
56,21,0.426122,0,0,0,0,1.33455,1.33455
57,1,0.188396,0,0,0,0,0.590029,0.590029
57,2,-0.472414,0,0,0,0,-1.47953,-1.47953
57,3,-0.12538,0,0,0,0,-0.392672,-0.392672
57,4,0.346666,0,0,0,0,1.08571,1.08571
57,5,-0.35952,0,0,0,0,-1.12596,-1.12596
57,6,0.333004,0,0,0,0,1.04292,1.04292
57,7,0.0711207,0,0,0,0,0.22274,0.22274
57,8,0.0461349,0,0,0,0,0.144488,0.144488
57,9,0.630223,0,0,0,0,1.97377,1.97377
57,10,0.357448,0,0,0,0,1.11948,1.11948
57,11,0.156573,0,0,0,0,0.490364,0.490364
57,12,0.0250694,0,0,0,0,0.0785138,0.0785138
57,13,0.237592,0,0,0,0,0.744104,0.744104
57,14,0.172701,0,0,0,0,0.540875,0.540875
57,15,-0.328758,0,0,0,0,-1.02962,-1.02962
57,16,0.255053,0,0,0,0,0.798789,0.798789
57,17,-0.187792,0,0,0,0,-0.588138,-0.588138
57,18,-0.234622,0,0,0,0,-0.734802,-0.734802
57,19,-0.379824,0,0,0,0,-1.18955,-1.18955
57,20,0.137249,0,0,0,0,0.429844,0.429844
57,21,-0.249571,0,0,0,0,-0.781621,-0.781621
58,1,0.332536,0,0,0,0,1.04145,1.04145
58,2,-0.348563,0,0,0,0,-1.09165,-1.09165
58,3,-0.12748,0,0,0,0,-0.399249,-0.399249
58,4,0.125115,0,0,0,0,0.391842,0.391842
58,5,-0.112795,0,0,0,0,-0.353258,-0.353258
58,6,0.360541,0,0,0,0,1.12916,1.12916
58,7,-0.259599,0,0,0,0,-0.813027,-0.813027
58,8,0.244931,0,0,0,0,0.767089,0.767089
58,9,0.0977013,0,0,0,0,0.305986,0.305986
58,10,0.400028,0,0,0,0,1.25283,1.25283
58,11,0.265683,0,0,0,0,0.832081,0.832081
58,12,0.165332,0,0,0,0,0.517796,0.517796
58,13,0.106793,0,0,0,0,0.33446,0.33446
58,14,-0.1076,0,0,0,0,-0.336988,-0.336988
58,15,0.207429,0,0,0,0,0.649638,0.649638
58,16,0.482046,0,0,0,0,1.5097,1.5097
58,17,0.393677,0,0,0,0,1.23294,1.23294
58,18,0.114411,0,0,0,0,0.358319,0.358319
58,19,-0.514518,0,0,0,0,-1.6114,-1.6114
58,20,0.216301,0,0,0,0,0.677424,0.677424
58,21,0.113352,0,0,0,0,0.355002,0.355002
59,1,-0.350055,0,0,0,0,-1.09632,-1.09632
59,2,-0.551558,0,0,0,0,-1.7274,-1.7274
59,3,0.0921188,0,0,0,0,0.288503,0.288503
59,4,0.238788,0,0,0,0,0.74785,0.74785
59,5,0.42252,0,0,0,0,1.32327,1.32327
59,6,0.0510274,0,0,0,0,0.15981,0.15981
59,7,0.299469,0,0,0,0,0.937894,0.937894
59,8,0.172644,0,0,0,0,0.540696,0.540696
59,9,-0.0195222,0,0,0,0,-0.0611407,-0.0611407
59,10,-0.486875,0,0,0,0,-1.52482,-1.52482
59,11,-0.335432,0,0,0,0,-1.05052,-1.05052
59,12,-0.472832,0,0,0,0,-1.48084,-1.48084
59,13,0.148266,0,0,0,0,0.464348,0.464348
59,14,-0.0549274,0,0,0,0,-0.172025,-0.172025
59,15,0.00360132,0,0,0,0,0.0112788,0.0112788
59,16,-0.0318565,0,0,0,0,-0.09977,-0.09977
59,17,-0.273321,0,0,0,0,-0.856002,-0.856002
59,18,0.0386929,0,0,0,0,0.121181,0.121181
59,19,0.247108,0,0,0,0,0.773907,0.773907
59,20,0.144882,0,0,0,0,0.45375,0.45375
59,21,0.770452,0,0,0,0,2.41294,2.41294
60,1,0.547778,0,0,0,0,1.71556,1.71556
60,2,-0.14434,0,0,0,0,-0.452052,-0.452052
60,3,0.076056,0,0,0,0,0.238196,0.238196
60,4,-0.00844804,0,0,0,0,-0.026458,-0.026458
60,5,-0.239034,0,0,0,0,-0.74862,-0.74862
60,6,0.330899,0,0,0,0,1.03633,1.03633
60,7,-0.184912,0,0,0,0,-0.579118,-0.579118
60,8,0.211323,0,0,0,0,0.661833,0.661833
60,9,0.234299,0,0,0,0,0.733791,0.733791
60,10,0.512147,0,0,0,0,1.60397,1.60397
60,11,-0.363063,0,0,0,0,-1.13706,-1.13706
60,12,-0.0191965,0,0,0,0,-0.0601207,-0.0601207
60,13,-0.231587,0,0,0,0,-0.725297,-0.725297
60,14,-0.139662,0,0,0,0,-0.437401,-0.437401
60,15,-0.23158,0,0,0,0,-0.725275,-0.725275
60,16,-0.109994,0,0,0,0,-0.344485,-0.344485
60,17,0.204724,0,0,0,0,0.641166,0.641166
60,18,0.222043,0,0,0,0,0.695407,0.695407
60,19,0.262639,0,0,0,0,0.822548,0.822548
60,20,-0.22372,0,0,0,0,-0.700659,-0.700659
60,21,-0.0888151,0,0,0,0,-0.278156,-0.278156
61,1,-0.578436,0,0,0,0,-1.81158,-1.81158
61,2,0.593936,0,0,0,0,1.86012,1.86012
61,3,-0.10209,0,0,0,0,-0.319731,-0.319731
61,4,-0.36769,0,0,0,0,-1.15155,-1.15155
61,5,-0.172397,0,0,0,0,-0.539923,-0.539923
61,6,0.538782,0,0,0,0,1.68739,1.68739
61,7,-0.274532,0,0,0,0,-0.859795,-0.859795
61,8,0.184962,0,0,0,0,0.579274,0.579274
61,9,0.274877,0,0,0,0,0.860875,0.860875
61,10,-0.493795,0,0,0,0,-1.54649,-1.54649
61,11,0.144439,0,0,0,0,0.452362,0.452362
61,12,0.132711,0,0,0,0,0.415632,0.415632
61,13,-0.230868,0,0,0,0,-0.723045,-0.723045
61,14,0.24712,0,0,0,0,0.773944,0.773944
61,15,-0.0869381,0,0,0,0,-0.272278,-0.272278
61,16,0.0915639,0,0,0,0,0.286765,0.286765
61,17,-0.142568,0,0,0,0,-0.446502,-0.446502
61,18,0.0530058,0,0,0,0,0.166007,0.166007
61,19,0.0484308,0,0,0,0,0.151678,0.151678
61,20,0.460782,0,0,0,0,1.4431,1.4431
61,21,0.0208342,0,0,0,0,0.0652497,0.0652497
62,1,0.0388365,0,0,0,0,0.12163,0.12163
62,2,-0.446541,0,0,0,0,-1.3985,-1.3985
62,3,0.00967166,0,0,0,0,0.0302902,0.0302902
62,4,-0.392367,0,0,0,0,-1.22884,-1.22884
62,5,-0.469169,0,0,0,0,-1.46937,-1.46937
62,6,0.588308,0,0,0,0,1.8425,1.8425
62,7,0.26266,0,0,0,0,0.822613,0.822613
62,8,-0.499829,0,0,0,0,-1.56539,-1.56539
62,9,0.190557,0,0,0,0,0.596797,0.596797
62,10,-0.354842,0,0,0,0,-1.11131,-1.11131
62,11,-0.275918,0,0,0,0,-0.864136,-0.864136
62,12,-0.0622007,0,0,0,0,-0.194804,-0.194804
62,13,0.0042891,0,0,0,0,0.0134328,0.0134328
62,14,-0.656015,0,0,0,0,-2.05454,-2.05454
62,15,0.228965,0,0,0,0,0.717085,0.717085
62,16,-0.0495966,0,0,0,0,-0.155329,-0.155329
62,17,0.381848,0,0,0,0,1.19589,1.19589
62,18,0.135785,0,0,0,0,0.425259,0.425259
62,19,-0.0624752,0,0,0,0,-0.195663,-0.195663
62,20,0.534985,0,0,0,0,1.6755,1.6755
62,21,0.270982,0,0,0,0,0.848677,0.848677
63,1,-0.485992,0,0,0,0,-1.52206,-1.52206
63,2,-0.0893394,0,0,0,0,-0.279798,-0.279798
63,3,-0.260355,0,0,0,0,-0.815394,-0.815394
63,4,0.296431,0,0,0,0,0.928379,0.928379
63,5,0.418761,0,0,0,0,1.3115,1.3115
63,6,-0.0717461,0,0,0,0,-0.224698,-0.224698
63,7,0.0344484,0,0,0,0,0.107887,0.107887
63,8,0.322722,0,0,0,0,1.01072,1.01072
63,9,0.365175,0,0,0,0,1.14368,1.14368
63,10,0.250043,0,0,0,0,0.783099,0.783099
63,11,0.0847873,0,0,0,0,0.265542,0.265542
63,12,0.156899,0,0,0,0,0.491385,0.491385
63,13,0.599865,0,0,0,0,1.87869,1.87869
63,14,0.239403,0,0,0,0,0.749776,0.749776
63,15,-0.259593,0,0,0,0,-0.813008,-0.813008
63,16,0.152661,0,0,0,0,0.478112,0.478112
63,17,-0.315727,0,0,0,0,-0.988812,-0.988812
63,18,0.178827,0,0,0,0,0.56006,0.56006
63,19,-0.419221,0,0,0,0,-1.31294,-1.31294
63,20,0.249557,0,0,0,0,0.781577,0.781577
63,21,-0.614994,0,0,0,0,-1.92607,-1.92607
64,1,-0.524775,0,0,0,0,-1.64352,-1.64352
64,2,-0.0202091,0,0,0,0,-0.063292,-0.063292
64,3,-0.776797,0,0,0,0,-2.43282,-2.43282
64,4,0.145617,0,0,0,0,0.456052,0.456052
64,5,0.0798055,0,0,0,0,0.249939,0.249939
64,6,0.280694,0,0,0,0,0.879093,0.879093
64,7,-0.336586,0,0,0,0,-1.05414,-1.05414
64,8,-0.375984,0,0,0,0,-1.17753,-1.17753
64,9,0.304975,0,0,0,0,0.955138,0.955138
64,10,0.120484,0,0,0,0,0.377339,0.377339
64,11,0.467577,0,0,0,0,1.46438,1.46438
64,12,0.0231771,0,0,0,0,0.0725873,0.0725873
64,13,0.0310177,0,0,0,0,0.097143,0.097143
64,14,-0.518539,0,0,0,0,-1.62399,-1.62399
64,15,-0.142096,0,0,0,0,-0.445024,-0.445024
64,16,0.314325,0,0,0,0,0.984421,0.984421
64,17,0.170095,0,0,0,0,0.532713,0.532713
64,18,-0.0330892,0,0,0,0,-0.103631,-0.103631
64,19,-0.169806,0,0,0,0,-0.531808,-0.531808
64,20,-0.0244729,0,0,0,0,-0.0766456,-0.0766456
64,21,0.140818,0,0,0,0,0.441022,0.441022
65,1,-0.265106,0,0,0,0,-0.830274,-0.830274
65,2,-0.0266658,0,0,0,0,-0.0835135,-0.0835135
65,3,0.490633,0,0,0,0,1.53659,1.53659
65,4,0.217573,0,0,0,0,0.681407,0.681407
65,5,-0.0440197,0,0,0,0,-0.137863,-0.137863
65,6,-0.385476,0,0,0,0,-1.20726,-1.20726
65,7,0.0191866,0,0,0,0,0.0600897,0.0600897
65,8,-0.0427954,0,0,0,0,-0.134029,-0.134029
65,9,-0.139203,0,0,0,0,-0.435964,-0.435964
65,10,-0.0448379,0,0,0,0,-0.140426,-0.140426
65,11,0.259657,0,0,0,0,0.813208,0.813208
65,12,-0.444238,0,0,0,0,-1.39129,-1.39129
65,13,-0.819468,0,0,0,0,-2.56646,-2.56646
65,14,-0.162628,0,0,0,0,-0.509328,-0.509328
65,15,0.452557,0,0,0,0,1.41734,1.41734
65,16,-0.432307,0,0,0,0,-1.35392,-1.35392
65,17,-0.16836,0,0,0,0,-0.527279,-0.527279
65,18,-0.128183,0,0,0,0,-0.401451,-0.401451
65,19,-0.00907904,0,0,0,0,-0.0284342,-0.0284342
65,20,-0.598832,0,0,0,0,-1.87546,-1.87546
65,21,0.0473098,0,0,0,0,0.148167,0.148167
66,1,-0.0416387,0,0,0,0,-0.130406,-0.130406
66,2,0.303506,0,0,0,0,0.950537,0.950537
66,3,-0.178942,0,0,0,0,-0.560421,-0.560421
66,4,-0.637782,0,0,0,0,-1.99744,-1.99744
66,5,0.0314871,0,0,0,0,0.0986131,0.0986131
66,6,0.202009,0,0,0,0,0.632663,0.632663
66,7,-0.196724,0,0,0,0,-0.616111,-0.616111
66,8,0.140917,0,0,0,0,0.441332,0.441332
66,9,0.0962209,0,0,0,0,0.30135,0.30135
66,10,0.579967,0,0,0,0,1.81637,1.81637
66,11,0.331372,0,0,0,0,1.03781,1.03781
66,12,0.354308,0,0,0,0,1.10964,1.10964
66,13,-0.193693,0,0,0,0,-0.606619,-0.606619
66,14,0.495267,0,0,0,0,1.55111,1.55111
66,15,-0.377731,0,0,0,0,-1.183,-1.183
66,16,-0.273629,0,0,0,0,-0.856967,-0.856967
66,17,-0.0336133,0,0,0,0,-0.105272,-0.105272
66,18,-0.097579,0,0,0,0,-0.305603,-0.305603
66,19,-0.179558,0,0,0,0,-0.56235,-0.56235
66,20,-0.0725231,0,0,0,0,-0.227132,-0.227132
66,21,0.489857,0,0,0,0,1.53416,1.53416
67,1,0.453831,0,0,0,0,1.42133,1.42133
67,2,-0.629357,0,0,0,0,-1.97106,-1.97106
67,3,0.381165,0,0,0,0,1.19375,1.19375
67,4,0.238196,0,0,0,0,0.745996,0.745996
67,5,0.656268,0,0,0,0,2.05534,2.05534
67,6,0.278755,0,0,0,0,0.873021,0.873021
67,7,0.441879,0,0,0,0,1.3839,1.3839
67,8,0.180935,0,0,0,0,0.566662,0.566662
67,9,0.142415,0,0,0,0,0.446023,0.446023
67,10,0.0112691,0,0,0,0,0.0352932,0.0352932
67,11,-0.109539,0,0,0,0,-0.34306,-0.34306
67,12,-0.173096,0,0,0,0,-0.542112,-0.542112
67,13,-0.114633,0,0,0,0,-0.359014,-0.359014
67,14,-0.276936,0,0,0,0,-0.867324,-0.867324
67,15,-0.0761802,0,0,0,0,-0.238585,-0.238585
67,16,-0.177637,0,0,0,0,-0.556334,-0.556334
67,17,-0.551121,0,0,0,0,-1.72603,-1.72603
67,18,0.424831,0,0,0,0,1.33051,1.33051
67,19,0.388221,0,0,0,0,1.21585,1.21585
67,20,0.28801,0,0,0,0,0.902006,0.902006
67,21,0.0670683,0,0,0,0,0.210048,0.210048
68,1,-0.347388,0,0,0,0,-1.08797,-1.08797
68,2,0.527041,0,0,0,0,1.65062,1.65062
68,3,-0.45944,0,0,0,0,-1.4389,-1.4389
68,4,0.125149,0,0,0,0,0.391949,0.391949
68,5,-0.336206,0,0,0,0,-1.05295,-1.05295
68,6,-0.0611531,0,0,0,0,-0.191523,-0.191523
68,7,-0.156791,0,0,0,0,-0.491047,-0.491047
68,8,0.252841,0,0,0,0,0.791862,0.791862
68,9,-0.543688,0,0,0,0,-1.70275,-1.70275
68,10,0.0723825,0,0,0,0,0.226692,0.226692
68,11,-0.0191179,0,0,0,0,-0.0598745,-0.0598745
68,12,-0.0188584,0,0,0,0,-0.0590618,-0.0590618
68,13,-0.0517903,0,0,0,0,-0.1622,-0.1622
68,14,-0.642374,0,0,0,0,-2.01182,-2.01182
68,15,-0.0179719,0,0,0,0,-0.0562854,-0.0562854
68,16,-0.754302,0,0,0,0,-2.36237,-2.36237
68,17,0.338016,0,0,0,0,1.05862,1.05862
68,18,-0.34986,0,0,0,0,-1.09571,-1.09571
68,19,0.245204,0,0,0,0,0.767944,0.767944
68,20,-0.0316941,0,0,0,0,-0.0992614,-0.0992614
68,21,-0.418834,0,0,0,0,-1.31173,-1.31173
69,1,-0.105145,0,0,0,0,-0.329299,-0.329299
69,2,0.407264,0,0,0,0,1.27549,1.27549
69,3,-0.481831,0,0,0,0,-1.50903,-1.50903
69,4,0.0532718,0,0,0,0,0.16684,0.16684
69,5,-0.400274,0,0,0,0,-1.2536,-1.2536
69,6,-0.201616,0,0,0,0,-0.631432,-0.631432
69,7,0.0249897,0,0,0,0,0.0782641,0.0782641
69,8,0.0208399,0,0,0,0,0.0652676,0.0652676
69,9,0.220436,0,0,0,0,0.690374,0.690374
69,10,0.437315,0,0,0,0,1.36961,1.36961
69,11,0.198654,0,0,0,0,0.622156,0.622156
69,12,-0.492654,0,0,0,0,-1.54292,-1.54292
69,13,-0.327295,0,0,0,0,-1.02504,-1.02504
69,14,-0.0893212,0,0,0,0,-0.279741,-0.279741
69,15,-0.139924,0,0,0,0,-0.438222,-0.438222
69,16,-0.230428,0,0,0,0,-0.721667,-0.721667
69,17,0.0204036,0,0,0,0,0.0639011,0.0639011
69,18,-0.29919,0,0,0,0,-0.93702,-0.93702
69,19,-0.256172,0,0,0,0,-0.802294,-0.802294
69,20,0.36459,0,0,0,0,1.14184,1.14184
69,21,-0.192144,0,0,0,0,-0.601767,-0.601767
70,1,0.278925,0,0,0,0,0.873553,0.873553
70,2,-0.328755,0,0,0,0,-1.02961,-1.02961
70,3,0.198924,0,0,0,0,0.623001,0.623001
70,4,0.338942,0,0,0,0,1.06152,1.06152
70,5,-0.933894,0,0,0,0,-2.92482,-2.92482
70,6,-0.316771,0,0,0,0,-0.992081,-0.992081
70,7,0.458273,0,0,0,0,1.43525,1.43525
70,8,-0.154043,0,0,0,0,-0.482441,-0.482441
70,9,0.28289,0,0,0,0,0.885971,0.885971
70,10,0.193127,0,0,0,0,0.604846,0.604846
70,11,0.178961,0,0,0,0,0.56048,0.56048
70,12,-0.0736777,0,0,0,0,-0.230748,-0.230748
70,13,-0.23082,0,0,0,0,-0.722895,-0.722895
70,14,-0.662405,0,0,0,0,-2.07456,-2.07456
70,15,0.312391,0,0,0,0,0.978364,0.978364
70,16,0.0624146,0,0,0,0,0.195474,0.195474
70,17,0.319777,0,0,0,0,1.0015,1.0015
70,18,0.0722806,0,0,0,0,0.226372,0.226372
70,19,-0.329513,0,0,0,0,-1.03199,-1.03199
70,20,-0.353853,0,0,0,0,-1.10822,-1.10822
70,21,-0.457161,0,0,0,0,-1.43176,-1.43176
71,1,-0.0375802,0,0,0,0,-0.117696,-0.117696
71,2,-0.0586748,0,0,0,0,-0.183761,-0.183761
71,3,-0.200318,0,0,0,0,-0.627367,-0.627367
71,4,0.337005,0,0,0,0,1.05545,1.05545
71,5,-0.482649,0,0,0,0,-1.51159,-1.51159
71,6,-0.161403,0,0,0,0,-0.505491,-0.505491
71,7,0.0254991,0,0,0,0,0.0798595,0.0798595
71,8,0.691556,0,0,0,0,2.16585,2.16585
71,9,-0.0569406,0,0,0,0,-0.17833,-0.17833
71,10,-0.234462,0,0,0,0,-0.734301,-0.734301
71,11,0.527494,0,0,0,0,1.65204,1.65204
71,12,-0.456393,0,0,0,0,-1.42936,-1.42936
71,13,-0.402002,0,0,0,0,-1.25901,-1.25901
71,14,-0.151747,0,0,0,0,-0.47525,-0.47525
71,15,0.414779,0,0,0,0,1.29903,1.29903
71,16,0.356636,0,0,0,0,1.11693,1.11693
71,17,0.332555,0,0,0,0,1.04151,1.04151
71,18,0.124464,0,0,0,0,0.389803,0.389803
71,19,-0.256988,0,0,0,0,-0.804849,-0.804849
71,20,0.037443,0,0,0,0,0.117266,0.117266
71,21,0.197915,0,0,0,0,0.619841,0.619841
72,1,-0.352154,0,0,0,0,-1.1029,-1.1029
72,2,-0.0736581,0,0,0,0,-0.230687,-0.230687
72,3,0.673121,0,0,0,0,2.10812,2.10812
72,4,-0.042274,0,0,0,0,-0.132396,-0.132396
72,5,0.307631,0,0,0,0,0.963456,0.963456
72,6,-0.23125,0,0,0,0,-0.724242,-0.724242
72,7,0.0788079,0,0,0,0,0.246815,0.246815
72,8,-0.0908426,0,0,0,0,-0.284506,-0.284506
72,9,-0.32979,0,0,0,0,-1.03285,-1.03285
72,10,-0.150544,0,0,0,0,-0.471482,-0.471482
72,11,0.0339744,0,0,0,0,0.106403,0.106403
72,12,0.64921,0,0,0,0,2.03323,2.03323
72,13,0.159996,0,0,0,0,0.501084,0.501084
72,14,0.460895,0,0,0,0,1.44346,1.44346
72,15,-0.0263912,0,0,0,0,-0.0826534,-0.0826534
72,16,0.209379,0,0,0,0,0.655745,0.655745
72,17,0.0700332,0,0,0,0,0.219334,0.219334
72,18,0.0762702,0,0,0,0,0.238867,0.238867
72,19,-0.257142,0,0,0,0,-0.805332,-0.805332
72,20,-0.317959,0,0,0,0,-0.995802,-0.995802
72,21,0.0809671,0,0,0,0,0.253577,0.253577
73,1,0.478577,0,0,0,0,1.49883,1.49883
73,2,-0.0872461,0,0,0,0,-0.273242,-0.273242
73,3,0.227538,0,0,0,0,0.712616,0.712616
73,4,0.415147,0,0,0,0,1.30018,1.30018
73,5,0.0823489,0,0,0,0,0.257905,0.257905
73,6,0.396517,0,0,0,0,1.24183,1.24183
73,7,0.0559988,0,0,0,0,0.17538,0.17538
73,8,-0.14614,0,0,0,0,-0.457689,-0.457689
73,9,0.342463,0,0,0,0,1.07254,1.07254
73,10,0.445063,0,0,0,0,1.39387,1.39387
73,11,-0.256064,0,0,0,0,-0.801956,-0.801956
73,12,-0.0136869,0,0,0,0,-0.0428654,-0.0428654
73,13,0.142332,0,0,0,0,0.445763,0.445763
73,14,0.48078,0,0,0,0,1.50573,1.50573
73,15,-0.0304875,0,0,0,0,-0.0954825,-0.0954825
73,16,0.850263,0,0,0,0,2.6629,2.6629
73,17,0.260495,0,0,0,0,0.815833,0.815833
73,18,0.196226,0,0,0,0,0.614552,0.614552
73,19,0.136912,0,0,0,0,0.428789,0.428789
73,20,0.170686,0,0,0,0,0.534564,0.534564
73,21,0.364919,0,0,0,0,1.14287,1.14287
74,1,-0.0711709,0,0,0,0,-0.222897,-0.222897
74,2,0.601289,0,0,0,0,1.88315,1.88315
74,3,-0.317205,0,0,0,0,-0.99344,-0.99344
74,4,0.381306,0,0,0,0,1.1942,1.1942
74,5,0.00517883,0,0,0,0,0.0162194,0.0162194
74,6,0.0918329,0,0,0,0,0.287607,0.287607
74,7,-0.159694,0,0,0,0,-0.500139,-0.500139
74,8,-0.50359,0,0,0,0,-1.57717,-1.57717
74,9,0.269825,0,0,0,0,0.845053,0.845053
74,10,0.188622,0,0,0,0,0.590737,0.590737
74,11,0.0233018,0,0,0,0,0.0729779,0.0729779
74,12,0.394883,0,0,0,0,1.23672,1.23672
74,13,0.440973,0,0,0,0,1.38106,1.38106
74,14,-0.561446,0,0,0,0,-1.75837,-1.75837
74,15,0.0830771,0,0,0,0,0.260186,0.260186
74,16,0.132786,0,0,0,0,0.415867,0.415867
74,17,0.190952,0,0,0,0,0.598034,0.598034
74,18,0.28533,0,0,0,0,0.893613,0.893613
74,19,-0.202967,0,0,0,0,-0.635663,-0.635663
74,20,0.0516654,0,0,0,0,0.161809,0.161809
74,21,0.0715381,0,0,0,0,0.224047,0.224047
75,1,-0.681501,0,0,0,0,-2.13436,-2.13436
75,2,0.0883119,0,0,0,0,0.27658,0.27658
75,3,0.299336,0,0,0,0,0.937477,0.937477
75,4,0.245485,0,0,0,0,0.768824,0.768824
75,5,-0.0716376,0,0,0,0,-0.224359,-0.224359
75,6,-0.279889,0,0,0,0,-0.876572,-0.876572
75,7,-0.485062,0,0,0,0,-1.51914,-1.51914
75,8,0.0968144,0,0,0,0,0.303209,0.303209
75,9,0.35731,0,0,0,0,1.11904,1.11904
75,10,0.490053,0,0,0,0,1.53478,1.53478
75,11,0.0329298,0,0,0,0,0.103131,0.103131
75,12,0.443242,0,0,0,0,1.38817,1.38817
75,13,0.0534883,0,0,0,0,0.167518,0.167518
75,14,0.171953,0,0,0,0,0.538532,0.538532
75,15,-0.143546,0,0,0,0,-0.449565,-0.449565
75,16,0.126642,0,0,0,0,0.396625,0.396625
75,17,-0.461745,0,0,0,0,-1.44612,-1.44612
75,18,0.112405,0,0,0,0,0.352036,0.352036
75,19,-0.235303,0,0,0,0,-0.736935,-0.736935
75,20,-0.204056,0,0,0,0,-0.639074,-0.639074
75,21,0.70977,0,0,0,0,2.2229,2.2229
76,1,-0.0573677,0,0,0,0,-0.179667,-0.179667
76,2,0.293753,0,0,0,0,0.919992,0.919992
76,3,0.274714,0,0,0,0,0.860365,0.860365
76,4,1.0273,0,0,0,0,3.21736,3.21736
76,5,0.0644671,0,0,0,0,0.201902,0.201902
76,6,0.655415,0,0,0,0,2.05267,2.05267
76,7,-0.0787068,0,0,0,0,-0.246498,-0.246498
76,8,0.329524,0,0,0,0,1.03202,1.03202
76,9,0.170528,0,0,0,0,0.534069,0.534069
76,10,0.252331,0,0,0,0,0.790264,0.790264
76,11,-0.131215,0,0,0,0,-0.410947,-0.410947
76,12,-0.442295,0,0,0,0,-1.3852,-1.3852
76,13,-0.0733016,0,0,0,0,-0.22957,-0.22957
76,14,0.239329,0,0,0,0,0.749544,0.749544
76,15,-0.332873,0,0,0,0,-1.04251,-1.04251
76,16,0.0906699,0,0,0,0,0.283965,0.283965
76,17,0.0579304,0,0,0,0,0.18143,0.18143
76,18,0.443104,0,0,0,0,1.38774,1.38774
76,19,-0.907266,0,0,0,0,-2.84143,-2.84143
76,20,-0.131167,0,0,0,0,-0.410796,-0.410796
76,21,0.258737,0,0,0,0,0.810327,0.810327
77,1,-0.127448,0,0,0,0,-0.399149,-0.399149
77,2,0.682885,0,0,0,0,2.1387,2.1387
77,3,0.0159218,0,0,0,0,0.0498648,0.0498648
77,4,0.502467,0,0,0,0,1.57365,1.57365
77,5,-0.226514,0,0,0,0,-0.709409,-0.709409
77,6,0.389575,0,0,0,0,1.22009,1.22009
77,7,-0.135478,0,0,0,0,-0.424298,-0.424298
77,8,-0.033371,0,0,0,0,-0.104513,-0.104513
77,9,-0.0197324,0,0,0,0,-0.061799,-0.061799
77,10,-0.0458417,0,0,0,0,-0.14357,-0.14357
77,11,-0.0440723,0,0,0,0,-0.138028,-0.138028
77,12,0.00452159,0,0,0,0,0.014161,0.014161
77,13,-0.268476,0,0,0,0,-0.840828,-0.840828
77,14,0.328632,0,0,0,0,1.02923,1.02923
77,15,-0.0583791,0,0,0,0,-0.182835,-0.182835
77,16,0.0377463,0,0,0,0,0.118216,0.118216
77,17,-0.246211,0,0,0,0,-0.771097,-0.771097
77,18,-0.0897821,0,0,0,0,-0.281185,-0.281185
77,19,0.201,0,0,0,0,0.629503,0.629503
77,20,0.229264,0,0,0,0,0.718022,0.718022
77,21,0.24683,0,0,0,0,0.773036,0.773036
78,1,-0.0376451,0,0,0,0,-0.117899,-0.117899
78,2,0.298284,0,0,0,0,0.934183,0.934183
78,3,0.663325,0,0,0,0,2.07744,2.07744
78,4,-0.107828,0,0,0,0,-0.337702,-0.337702
78,5,-0.0600762,0,0,0,0,-0.18815,-0.18815
78,6,-0.158512,0,0,0,0,-0.496437,-0.496437
78,7,0.00521341,0,0,0,0,0.0163277,0.0163277
78,8,-0.494626,0,0,0,0,-1.5491,-1.5491
78,9,-0.484066,0,0,0,0,-1.51603,-1.51603
78,10,0.15632,0,0,0,0,0.489572,0.489572
78,11,0.122955,0,0,0,0,0.385077,0.385077
78,12,-0.304128,0,0,0,0,-0.952485,-0.952485
78,13,0.205575,0,0,0,0,0.643831,0.643831
78,14,-0.419743,0,0,0,0,-1.31457,-1.31457
78,15,-0.133722,0,0,0,0,-0.418798,-0.418798
78,16,0.207062,0,0,0,0,0.648488,0.648488
78,17,-0.863809,0,0,0,0,-2.70533,-2.70533
78,18,0.11003,0,0,0,0,0.344598,0.344598
78,19,0.076997,0,0,0,0,0.241144,0.241144
78,20,-0.170625,0,0,0,0,-0.534373,-0.534373
78,21,-0.241836,0,0,0,0,-0.757396,-0.757396
79,1,-0.0935814,0,0,0,0,-0.293083,-0.293083
79,2,0.0620247,0,0,0,0,0.194252,0.194252
79,3,0.140894,0,0,0,0,0.44126,0.44126
79,4,-0.0285496,0,0,0,0,-0.0894132,-0.0894132
79,5,0.523273,0,0,0,0,1.63882,1.63882
79,6,-0.545534,0,0,0,0,-1.70853,-1.70853
79,7,0.229296,0,0,0,0,0.718122,0.718122
79,8,0.326671,0,0,0,0,1.02309,1.02309
79,9,0.354314,0,0,0,0,1.10966,1.10966
79,10,0.255461,0,0,0,0,0.800067,0.800067
79,11,-0.0382792,0,0,0,0,-0.119885,-0.119885
79,12,0.53159,0,0,0,0,1.66486,1.66486
79,13,0.0485529,0,0,0,0,0.152061,0.152061
79,14,-0.0113561,0,0,0,0,-0.0355657,-0.0355657
79,15,-0.0718768,0,0,0,0,-0.225108,-0.225108
79,16,-0.277304,0,0,0,0,-0.868476,-0.868476
79,17,-0.180447,0,0,0,0,-0.565134,-0.565134
79,18,-0.113036,0,0,0,0,-0.354013,-0.354013
79,19,-0.0604268,0,0,0,0,-0.189248,-0.189248
79,20,0.020345,0,0,0,0,0.0637176,0.0637176
79,21,-0.0553033,0,0,0,0,-0.173202,-0.173202
80,1,0.024625,0,0,0,0,0.077122,0.077122
80,2,0.0768808,0,0,0,0,0.24078,0.24078
80,3,0.471818,0,0,0,0,1.47767,1.47767
80,4,0.0948532,0,0,0,0,0.297067,0.297067
80,5,0.0894205,0,0,0,0,0.280052,0.280052
80,6,-0.154549,0,0,0,0,-0.484025,-0.484025
80,7,-0.21955,0,0,0,0,-0.687599,-0.687599
80,8,-0.463019,0,0,0,0,-1.45011,-1.45011
80,9,0.27913,0,0,0,0,0.874195,0.874195
80,10,-0.582135,0,0,0,0,-1.82316,-1.82316
80,11,0.156,0,0,0,0,0.48857,0.48857
80,12,-0.75368,0,0,0,0,-2.36042,-2.36042
80,13,0.519781,0,0,0,0,1.62788,1.62788
80,14,0.660481,0,0,0,0,2.06853,2.06853
80,15,-0.169732,0,0,0,0,-0.531576,-0.531576
80,16,-0.293007,0,0,0,0,-0.917656,-0.917656
80,17,-0.151522,0,0,0,0,-0.474545,-0.474545
80,18,-0.546653,0,0,0,0,-1.71204,-1.71204
80,19,0.13572,0,0,0,0,0.425056,0.425056
80,20,0.22384,0,0,0,0,0.701035,0.701035
80,21,-0.0439013,0,0,0,0,-0.137493,-0.137493
81,1,-0.278373,0,0,0,0,-0.871824,-0.871824
81,2,-0.181744,0,0,0,0,-0.569196,-0.569196
81,3,-0.0516316,0,0,0,0,-0.161703,-0.161703
81,4,0.133071,0,0,0,0,0.416759,0.416759
81,5,0.415365,0,0,0,0,1.30086,1.30086
81,6,0.495942,0,0,0,0,1.55322,1.55322
81,7,-0.304226,0,0,0,0,-0.952792,-0.952792
81,8,0.169114,0,0,0,0,0.529641,0.529641
81,9,0.196255,0,0,0,0,0.614642,0.614642
81,10,0.217968,0,0,0,0,0.682644,0.682644
81,11,-0.560607,0,0,0,0,-1.75574,-1.75574
81,12,-0.376213,0,0,0,0,-1.17825,-1.17825
81,13,0.247416,0,0,0,0,0.774871,0.774871
81,14,-0.224976,0,0,0,0,-0.704592,-0.704592
81,15,-0.41962,0,0,0,0,-1.31419,-1.31419
81,16,0.117819,0,0,0,0,0.368992,0.368992
81,17,-0.227223,0,0,0,0,-0.71163,-0.71163
81,18,-0.296079,0,0,0,0,-0.927277,-0.927277
81,19,-0.119352,0,0,0,0,-0.373793,-0.373793
81,20,-0.186649,0,0,0,0,-0.584558,-0.584558
81,21,-0.356135,0,0,0,0,-1.11536,-1.11536
82,1,-0.0538736,0,0,0,0,-0.168724,-0.168724
82,2,0.22611,0,0,0,0,0.708144,0.708144
82,3,0.205885,0,0,0,0,0.644802,0.644802
82,4,-0.228747,0,0,0,0,-0.716403,-0.716403
82,5,-0.551347,0,0,0,0,-1.72674,-1.72674
82,6,-0.324387,0,0,0,0,-1.01593,-1.01593
82,7,-0.204708,0,0,0,0,-0.641116,-0.641116
82,8,0.659976,0,0,0,0,2.06695,2.06695
82,9,-0.432193,0,0,0,0,-1.35357,-1.35357
82,10,0.258607,0,0,0,0,0.80992,0.80992
82,11,-0.333335,0,0,0,0,-1.04396,-1.04396
82,12,-0.318209,0,0,0,0,-0.996585,-0.996585
82,13,-0.353991,0,0,0,0,-1.10865,-1.10865
82,14,0.0344167,0,0,0,0,0.107788,0.107788
82,15,0.176,0,0,0,0,0.551207,0.551207
82,16,-0.0884554,0,0,0,0,-0.27703,-0.27703
82,17,0.345713,0,0,0,0,1.08272,1.08272
82,18,0.0684858,0,0,0,0,0.214488,0.214488
82,19,-0.262616,0,0,0,0,-0.822476,-0.822476
82,20,0.0872392,0,0,0,0,0.273221,0.273221
82,21,-0.0418187,0,0,0,0,-0.13097,-0.13097
83,1,-0.354733,0,0,0,0,-1.11097,-1.11097
83,2,-0.0179064,0,0,0,0,-0.0560803,-0.0560803
83,3,0.408337,0,0,0,0,1.27885,1.27885
83,4,-0.0977723,0,0,0,0,-0.306209,-0.306209
83,5,0.775629,0,0,0,0,2.42916,2.42916
83,6,0.291893,0,0,0,0,0.914167,0.914167
83,7,-0.145938,0,0,0,0,-0.457057,-0.457057
83,8,-0.271019,0,0,0,0,-0.848793,-0.848793
83,9,0.376889,0,0,0,0,1.18036,1.18036
83,10,0.599199,0,0,0,0,1.87661,1.87661
83,11,0.454273,0,0,0,0,1.42272,1.42272
83,12,0.395055,0,0,0,0,1.23726,1.23726
83,13,0.389443,0,0,0,0,1.21968,1.21968
83,14,0.494507,0,0,0,0,1.54872,1.54872
83,15,0.165877,0,0,0,0,0.519503,0.519503
83,16,-0.136625,0,0,0,0,-0.42789,-0.42789
83,17,0.155657,0,0,0,0,0.487495,0.487495
83,18,-0.150609,0,0,0,0,-0.471686,-0.471686
83,19,0.366064,0,0,0,0,1.14646,1.14646
83,20,-0.3035,0,0,0,0,-0.950518,-0.950518
83,21,0.338561,0,0,0,0,1.06032,1.06032
84,1,0.27865,0,0,0,0,0.872692,0.872692
84,2,-0.577364,0,0,0,0,-1.80822,-1.80822
84,3,-0.0639466,0,0,0,0,-0.200272,-0.200272
84,4,-0.0206514,0,0,0,0,-0.0646772,-0.0646772
84,5,-0.480512,0,0,0,0,-1.50489,-1.50489
84,6,0.262233,0,0,0,0,0.821276,0.821276
84,7,-0.0689319,0,0,0,0,-0.215885,-0.215885
84,8,-0.330022,0,0,0,0,-1.03358,-1.03358
84,9,-0.818099,0,0,0,0,-2.56217,-2.56217
84,10,-0.144049,0,0,0,0,-0.451141,-0.451141
84,11,-0.563616,0,0,0,0,-1.76516,-1.76516
84,12,-0.176105,0,0,0,0,-0.551536,-0.551536
84,13,-0.240613,0,0,0,0,-0.753565,-0.753565
84,14,0.140592,0,0,0,0,0.440314,0.440314
84,15,-0.0387164,0,0,0,0,-0.121254,-0.121254
84,16,-0.630191,0,0,0,0,-1.97367,-1.97367
84,17,0.477125,0,0,0,0,1.49429,1.49429
84,18,-0.496731,0,0,0,0,-1.55569,-1.55569
84,19,0.30572,0,0,0,0,0.957471,0.957471
84,20,0.0601532,0,0,0,0,0.188391,0.188391
84,21,0.226147,0,0,0,0,0.70826,0.70826
85,1,0.109239,0,0,0,0,0.342121,0.342121
85,2,-0.593373,0,0,0,0,-1.85836,-1.85836
85,3,0.000807499,0,0,0,0,0.00252897,0.00252897
85,4,0.217768,0,0,0,0,0.682018,0.682018
85,5,0.11278,0,0,0,0,0.353211,0.353211
85,6,-0.377902,0,0,0,0,-1.18353,-1.18353
85,7,0.10782,0,0,0,0,0.337677,0.337677
85,8,0.235244,0,0,0,0,0.73675,0.73675
85,9,0.149288,0,0,0,0,0.467549,0.467549
85,10,-0.0331769,0,0,0,0,-0.103905,-0.103905
85,11,0.127883,0,0,0,0,0.400511,0.400511
85,12,-0.466746,0,0,0,0,-1.46178,-1.46178
85,13,0.260876,0,0,0,0,0.817026,0.817026
85,14,-0.0181898,0,0,0,0,-0.0569678,-0.0569678
85,15,-0.340181,0,0,0,0,-1.0654,-1.0654
85,16,0.0593887,0,0,0,0,0.185997,0.185997
85,17,-0.317398,0,0,0,0,-0.994045,-0.994045
85,18,0.00597597,0,0,0,0,0.0187159,0.0187159
85,19,-0.222772,0,0,0,0,-0.69769,-0.69769
85,20,0.0501171,0,0,0,0,0.15696,0.15696
85,21,-0.41537,0,0,0,0,-1.30088,-1.30088
86,1,-0.0385767,0,0,0,0,-0.120817,-0.120817
86,2,0.447924,0,0,0,0,1.40283,1.40283
86,3,-0.207444,0,0,0,0,-0.649685,-0.649685
86,4,0.00774956,0,0,0,0,0.0242705,0.0242705
86,5,-0.398239,0,0,0,0,-1.24723,-1.24723
86,6,0.23683,0,0,0,0,0.741718,0.741718
86,7,-0.299462,0,0,0,0,-0.937872,-0.937872
86,8,0.191406,0,0,0,0,0.599456,0.599456
86,9,-0.299077,0,0,0,0,-0.936666,-0.936666
86,10,0.490771,0,0,0,0,1.53702,1.53702
86,11,-0.455727,0,0,0,0,-1.42727,-1.42727
86,12,-0.059115,0,0,0,0,-0.18514,-0.18514
86,13,0.0651256,0,0,0,0,0.203964,0.203964
86,14,0.177855,0,0,0,0,0.557016,0.557016
86,15,-0.298501,0,0,0,0,-0.934862,-0.934862
86,16,0.184177,0,0,0,0,0.576816,0.576816
86,17,0.37103,0,0,0,0,1.16201,1.16201
86,18,-0.321056,0,0,0,0,-1.0055,-1.0055
86,19,-0.637081,0,0,0,0,-1.99525,-1.99525
86,20,-0.140177,0,0,0,0,-0.439014,-0.439014
86,21,-0.226414,0,0,0,0,-0.709096,-0.709096
87,1,-0.233349,0,0,0,0,-0.730816,-0.730816
87,2,-0.0159684,0,0,0,0,-0.0500107,-0.0500107
87,3,0.432375,0,0,0,0,1.35414,1.35414
87,4,-0.0113266,0,0,0,0,-0.0354733,-0.0354733
87,5,-0.454562,0,0,0,0,-1.42362,-1.42362
87,6,-0.179436,0,0,0,0,-0.561968,-0.561968
87,7,0.274759,0,0,0,0,0.860506,0.860506
87,8,0.145378,0,0,0,0,0.455303,0.455303
87,9,-0.183736,0,0,0,0,-0.575435,-0.575435
87,10,0.199539,0,0,0,0,0.624927,0.624927
87,11,-0.417754,0,0,0,0,-1.30835,-1.30835
87,12,-0.312598,0,0,0,0,-0.979012,-0.979012
87,13,-0.039957,0,0,0,0,-0.12514,-0.12514
87,14,-0.42711,0,0,0,0,-1.33765,-1.33765
87,15,0.0260603,0,0,0,0,0.0816171,0.0816171
87,16,0.175599,0,0,0,0,0.549951,0.549951
87,17,-0.369945,0,0,0,0,-1.15861,-1.15861
87,18,0.0957495,0,0,0,0,0.299874,0.299874
87,19,-0.172815,0,0,0,0,-0.541232,-0.541232
87,20,0.351809,0,0,0,0,1.10182,1.10182
87,21,0.0328393,0,0,0,0,0.102848,0.102848
88,1,-0.299596,0,0,0,0,-0.938292,-0.938292
88,2,-0.72003,0,0,0,0,-2.25503,-2.25503
88,3,0.271765,0,0,0,0,0.851129,0.851129
88,4,-0.293189,0,0,0,0,-0.918226,-0.918226
88,5,0.194201,0,0,0,0,0.60821,0.60821
88,6,0.0260789,0,0,0,0,0.0816754,0.0816754
88,7,-0.0438544,0,0,0,0,-0.137346,-0.137346
88,8,0.48371,0,0,0,0,1.51491,1.51491
88,9,0.00281198,0,0,0,0,0.00880672,0.00880672
88,10,0.224698,0,0,0,0,0.703722,0.703722
88,11,0.497147,0,0,0,0,1.55699,1.55699
88,12,0.397079,0,0,0,0,1.24359,1.24359
88,13,0.302553,0,0,0,0,0.947553,0.947553
88,14,0.373586,0,0,0,0,1.17002,1.17002
88,15,0.0456518,0,0,0,0,0.142975,0.142975
88,16,-0.712164,0,0,0,0,-2.2304,-2.2304
88,17,-0.102951,0,0,0,0,-0.322428,-0.322428
88,18,0.0811562,0,0,0,0,0.25417,0.25417
88,19,-0.396966,0,0,0,0,-1.24324,-1.24324
88,20,-0.243539,0,0,0,0,-0.762729,-0.762729
88,21,0.661072,0,0,0,0,2.07038,2.07038
89,1,0.27961,0,0,0,0,0.875698,0.875698
89,2,0.255963,0,0,0,0,0.801639,0.801639
89,3,0.145411,0,0,0,0,0.455406,0.455406
89,4,0.175055,0,0,0,0,0.548247,0.548247
89,5,-0.395947,0,0,0,0,-1.24005,-1.24005
89,6,-0.0172297,0,0,0,0,-0.0539609,-0.0539609
89,7,0.257513,0,0,0,0,0.806494,0.806494
89,8,-0.290435,0,0,0,0,-0.909601,-0.909601
89,9,0.226081,0,0,0,0,0.708053,0.708053
89,10,0.520195,0,0,0,0,1.62918,1.62918
89,11,-0.0141601,0,0,0,0,-0.0443474,-0.0443474
89,12,0.0860251,0,0,0,0,0.269418,0.269418
89,13,-0.0598469,0,0,0,0,-0.187432,-0.187432
89,14,0.0401635,0,0,0,0,0.125786,0.125786
89,15,0.125364,0,0,0,0,0.392622,0.392622
89,16,0.247261,0,0,0,0,0.774386,0.774386
89,17,-0.213449,0,0,0,0,-0.668492,-0.668492
89,18,-0.25456,0,0,0,0,-0.797245,-0.797245
89,19,-0.0490847,0,0,0,0,-0.153726,-0.153726
89,20,0.224197,0,0,0,0,0.702153,0.702153
89,21,-0.231231,0,0,0,0,-0.724182,-0.724182
90,1,0.366678,0,0,0,0,1.14838,1.14838
90,2,0.100831,0,0,0,0,0.315788,0.315788
90,3,-0.050598,0,0,0,0,-0.158466,-0.158466
90,4,0.66686,0,0,0,0,2.08851,2.08851
90,5,-0.156424,0,0,0,0,-0.489897,-0.489897
90,6,-0.189834,0,0,0,0,-0.594533,-0.594533
90,7,0.171317,0,0,0,0,0.53654,0.53654
90,8,-0.463502,0,0,0,0,-1.45162,-1.45162
90,9,0.278983,0,0,0,0,0.873735,0.873735
90,10,-0.0443078,0,0,0,0,-0.138766,-0.138766
90,11,-0.129222,0,0,0,0,-0.404705,-0.404705
90,12,0.289111,0,0,0,0,0.905454,0.905454
90,13,0.237548,0,0,0,0,0.743966,0.743966
90,14,-0.362966,0,0,0,0,-1.13676,-1.13676
90,15,-0.497684,0,0,0,0,-1.55867,-1.55867
90,16,0.643466,0,0,0,0,2.01524,2.01524
90,17,-0.504827,0,0,0,0,-1.58105,-1.58105
90,18,-0.00543603,0,0,0,0,-0.0170249,-0.0170249
90,19,0.133766,0,0,0,0,0.418936,0.418936
90,20,-0.166223,0,0,0,0,-0.520587,-0.520587
90,21,-0.0327172,0,0,0,0,-0.102466,-0.102466
91,1,0.0232354,0,0,0,0,0.0727699,0.0727699
91,2,-0.108118,0,0,0,0,-0.33861,-0.33861
91,3,0.0430843,0,0,0,0,0.134934,0.134934
91,4,0.150197,0,0,0,0,0.470395,0.470395
91,5,-0.426278,0,0,0,0,-1.33504,-1.33504
91,6,0.206493,0,0,0,0,0.646706,0.646706
91,7,0.079243,0,0,0,0,0.248178,0.248178
91,8,-0.00187623,0,0,0,0,-0.00587608,-0.00587608
91,9,-0.0428405,0,0,0,0,-0.13417,-0.13417
91,10,-0.505771,0,0,0,0,-1.584,-1.584
91,11,-0.285648,0,0,0,0,-0.894608,-0.894608
91,12,-0.419055,0,0,0,0,-1.31242,-1.31242
91,13,-0.385978,0,0,0,0,-1.20883,-1.20883
91,14,0.134403,0,0,0,0,0.420931,0.420931
91,15,0.159924,0,0,0,0,0.500859,0.500859
91,16,-0.0629404,0,0,0,0,-0.19712,-0.19712
91,17,-0.0697582,0,0,0,0,-0.218473,-0.218473
91,18,-0.379536,0,0,0,0,-1.18865,-1.18865
91,19,0.326129,0,0,0,0,1.02139,1.02139
91,20,-0.139544,0,0,0,0,-0.437032,-0.437032
91,21,-0.0233238,0,0,0,0,-0.0730468,-0.0730468
92,1,-0.0733256,0,0,0,0,-0.229645,-0.229645
92,2,0.121409,0,0,0,0,0.380236,0.380236
92,3,0.353078,0,0,0,0,1.10579,1.10579
92,4,-0.083503,0,0,0,0,-0.261519,-0.261519
92,5,-0.0981389,0,0,0,0,-0.307357,-0.307357
92,6,0.0601319,0,0,0,0,0.188324,0.188324
92,7,-0.0409785,0,0,0,0,-0.128339,-0.128339
92,8,0.0974547,0,0,0,0,0.305214,0.305214
92,9,0.147475,0,0,0,0,0.461871,0.461871
92,10,0.217287,0,0,0,0,0.680512,0.680512
92,11,-0.0316707,0,0,0,0,-0.0991881,-0.0991881
92,12,-0.125994,0,0,0,0,-0.394595,-0.394595
92,13,-0.188329,0,0,0,0,-0.589819,-0.589819
92,14,0.290116,0,0,0,0,0.908602,0.908602
92,15,0.0347731,0,0,0,0,0.108904,0.108904
92,16,0.205449,0,0,0,0,0.643437,0.643437
92,17,-0.379828,0,0,0,0,-1.18957,-1.18957
92,18,-0.375621,0,0,0,0,-1.17639,-1.17639
92,19,-0.176559,0,0,0,0,-0.552957,-0.552957
92,20,0.0630093,0,0,0,0,0.197336,0.197336
92,21,-0.061717,0,0,0,0,-0.193289,-0.193289
93,1,-0.572195,0,0,0,0,-1.79203,-1.79203
93,2,0.133104,0,0,0,0,0.416863,0.416863
93,3,-0.690067,0,0,0,0,-2.16119,-2.16119
93,4,-0.145394,0,0,0,0,-0.455353,-0.455353
93,5,0.192081,0,0,0,0,0.60157,0.60157
93,6,0.353261,0,0,0,0,1.10636,1.10636
93,7,0.390022,0,0,0,0,1.22149,1.22149
93,8,0.041538,0,0,0,0,0.130091,0.130091
93,9,0.185113,0,0,0,0,0.579747,0.579747
93,10,-0.0654341,0,0,0,0,-0.20493,-0.20493
93,11,-0.150974,0,0,0,0,-0.472829,-0.472829
93,12,0.214229,0,0,0,0,0.670934,0.670934
93,13,-0.422722,0,0,0,0,-1.3239,-1.3239
93,14,0.0254525,0,0,0,0,0.0797136,0.0797136
93,15,-0.359679,0,0,0,0,-1.12646,-1.12646
93,16,-0.33808,0,0,0,0,-1.05882,-1.05882
93,17,0.458566,0,0,0,0,1.43616,1.43616
93,18,0.0408797,0,0,0,0,0.128029,0.128029
93,19,-0.304606,0,0,0,0,-0.953982,-0.953982
93,20,0.0777608,0,0,0,0,0.243536,0.243536
93,21,0.497779,0,0,0,0,1.55897,1.55897
94,1,0.374575,0,0,0,0,1.17312,1.17312
94,2,0.117942,0,0,0,0,0.369377,0.369377
94,3,0.0328234,0,0,0,0,0.102798,0.102798
94,4,-0.139078,0,0,0,0,-0.435572,-0.435572
94,5,0.135744,0,0,0,0,0.425131,0.425131
94,6,-0.0262551,0,0,0,0,-0.0822272,-0.0822272
94,7,-0.214726,0,0,0,0,-0.672491,-0.672491
94,8,0.00746181,0,0,0,0,0.0233693,0.0233693
94,9,0.192094,0,0,0,0,0.601611,0.601611
94,10,-0.275225,0,0,0,0,-0.861965,-0.861965
94,11,-0.0970543,0,0,0,0,-0.30396,-0.30396
94,12,-0.0209644,0,0,0,0,-0.0656575,-0.0656575
94,13,-0.140177,0,0,0,0,-0.439014,-0.439014
94,14,0.0110017,0,0,0,0,0.0344557,0.0344557
94,15,0.478434,0,0,0,0,1.49839,1.49839
94,16,-0.132888,0,0,0,0,-0.416186,-0.416186
94,17,0.19914,0,0,0,0,0.623678,0.623678
94,18,-0.292071,0,0,0,0,-0.914724,-0.914724
94,19,0.783999,0,0,0,0,2.45537,2.45537
94,20,-0.107648,0,0,0,0,-0.337138,-0.337138
94,21,0.359822,0,0,0,0,1.12691,1.12691
95,1,-0.490116,0,0,0,0,-1.53497,-1.53497
95,2,0.167061,0,0,0,0,0.523211,0.523211
95,3,0.426802,0,0,0,0,1.33668,1.33668
95,4,-0.0446939,0,0,0,0,-0.139975,-0.139975
95,5,-0.0987018,0,0,0,0,-0.30912,-0.30912
95,6,-0.243045,0,0,0,0,-0.761182,-0.761182
95,7,-0.345834,0,0,0,0,-1.0831,-1.0831
95,8,-0.411837,0,0,0,0,-1.28981,-1.28981
95,9,0.134127,0,0,0,0,0.420066,0.420066
95,10,0.27859,0,0,0,0,0.872504,0.872504
95,11,-0.352375,0,0,0,0,-1.10359,-1.10359
95,12,0.413603,0,0,0,0,1.29535,1.29535
95,13,-0.073484,0,0,0,0,-0.230141,-0.230141
95,14,0.0676435,0,0,0,0,0.21185,0.21185
95,15,0.0710157,0,0,0,0,0.222411,0.222411
95,16,0.29289,0,0,0,0,0.917289,0.917289
95,17,-0.226002,0,0,0,0,-0.707806,-0.707806
95,18,-0.171491,0,0,0,0,-0.537085,-0.537085
95,19,-0.514479,0,0,0,0,-1.61127,-1.61127
95,20,0.132071,0,0,0,0,0.413627,0.413627
95,21,-0.232115,0,0,0,0,-0.726951,-0.726951
96,1,-0.22651,0,0,0,0,-0.709397,-0.709397
96,2,-0.156053,0,0,0,0,-0.488736,-0.488736
96,3,-0.177664,0,0,0,0,-0.556418,-0.556418
96,4,-0.474218,0,0,0,0,-1.48518,-1.48518
96,5,-0.374588,0,0,0,0,-1.17316,-1.17316
96,6,0.351159,0,0,0,0,1.09978,1.09978
96,7,-0.0829595,0,0,0,0,-0.259817,-0.259817
96,8,-0.177407,0,0,0,0,-0.555613,-0.555613
96,9,0.0721266,0,0,0,0,0.22589,0.22589
96,10,0.0544996,0,0,0,0,0.170685,0.170685
96,11,-0.158961,0,0,0,0,-0.497843,-0.497843
96,12,-0.332409,0,0,0,0,-1.04106,-1.04106
96,13,0.0186179,0,0,0,0,0.0583086,0.0583086
96,14,0.138453,0,0,0,0,0.433615,0.433615
96,15,0.219632,0,0,0,0,0.687856,0.687856
96,16,0.289951,0,0,0,0,0.908085,0.908085
96,17,-0.317779,0,0,0,0,-0.995238,-0.995238
96,18,0.582737,0,0,0,0,1.82505,1.82505
96,19,-0.0727718,0,0,0,0,-0.227911,-0.227911
96,20,0.0571743,0,0,0,0,0.179062,0.179062
96,21,-0.3959,0,0,0,0,-1.2399,-1.2399
97,1,-0.162882,0,0,0,0,-0.510123,-0.510123
97,2,-0.677118,0,0,0,0,-2.12064,-2.12064
97,3,-0.168889,0,0,0,0,-0.528936,-0.528936
97,4,-0.443249,0,0,0,0,-1.38819,-1.38819
97,5,0.297514,0,0,0,0,0.931771,0.931771
97,6,-0.156637,0,0,0,0,-0.490565,-0.490565
97,7,0.538601,0,0,0,0,1.68682,1.68682
97,8,-1.18455,0,0,0,0,-3.70984,-3.70984
97,9,0.00660643,0,0,0,0,0.0206904,0.0206904
97,10,0.423056,0,0,0,0,1.32495,1.32495
97,11,-0.000170478,0,0,0,0,-0.000533913,-0.000533913
97,12,0.0642559,0,0,0,0,0.20124,0.20124
97,13,-0.00572558,0,0,0,0,-0.0179317,-0.0179317
97,14,0.101577,0,0,0,0,0.318125,0.318125
97,15,-0.719045,0,0,0,0,-2.25195,-2.25195
97,16,-0.0819605,0,0,0,0,-0.256689,-0.256689
97,17,0.216469,0,0,0,0,0.67795,0.67795
97,18,-0.615133,0,0,0,0,-1.92651,-1.92651
97,19,0.300084,0,0,0,0,0.93982,0.93982
97,20,0.554232,0,0,0,0,1.73577,1.73577
97,21,-0.25398,0,0,0,0,-0.795429,-0.795429
98,1,-0.506178,0,0,0,0,-1.58528,-1.58528
98,2,-0.0981952,0,0,0,0,-0.307533,-0.307533
98,3,0.114094,0,0,0,0,0.357326,0.357326
98,4,-0.280543,0,0,0,0,-0.87862,-0.87862
98,5,0.283399,0,0,0,0,0.887565,0.887565
98,6,-0.289907,0,0,0,0,-0.907947,-0.907947
98,7,-0.451004,0,0,0,0,-1.41248,-1.41248
98,8,-0.606361,0,0,0,0,-1.89904,-1.89904
98,9,-0.406686,0,0,0,0,-1.27368,-1.27368
98,10,0.0353891,0,0,0,0,0.110834,0.110834
98,11,0.720886,0,0,0,0,2.25771,2.25771
98,12,0.101064,0,0,0,0,0.316518,0.316518
98,13,0.225369,0,0,0,0,0.705823,0.705823
98,14,-0.280763,0,0,0,0,-0.879309,-0.879309
98,15,-0.217201,0,0,0,0,-0.680242,-0.680242
98,16,0.0189836,0,0,0,0,0.0594539,0.0594539
98,17,-0.16698,0,0,0,0,-0.522957,-0.522957
98,18,0.709554,0,0,0,0,2.22222,2.22222
98,19,0.124698,0,0,0,0,0.390536,0.390536
98,20,-0.367368,0,0,0,0,-1.15054,-1.15054
98,21,0.121713,0,0,0,0,0.381188,0.381188
99,1,-0.0118773,0,0,0,0,-0.037198,-0.037198
99,2,0.0305596,0,0,0,0,0.0957083,0.0957083
99,3,0.174669,0,0,0,0,0.547038,0.547038
99,4,0.370537,0,0,0,0,1.16047,1.16047
99,5,-0.062169,0,0,0,0,-0.194704,-0.194704
99,6,0.0922068,0,0,0,0,0.288778,0.288778
99,7,0.349703,0,0,0,0,1.09522,1.09522
99,8,0.226601,0,0,0,0,0.709682,0.709682
99,9,0.0345793,0,0,0,0,0.108297,0.108297
99,10,-0.0604251,0,0,0,0,-0.189243,-0.189243
99,11,-0.475468,0,0,0,0,-1.4891,-1.4891
99,12,0.191666,0,0,0,0,0.60027,0.60027
99,13,-0.311279,0,0,0,0,-0.974881,-0.974881
99,14,-0.458079,0,0,0,0,-1.43464,-1.43464
99,15,-0.0184482,0,0,0,0,-0.0577771,-0.0577771
99,16,0.396619,0,0,0,0,1.24215,1.24215
99,17,0.0820288,0,0,0,0,0.256902,0.256902
99,18,-0.381354,0,0,0,0,-1.19435,-1.19435
99,19,0.25129,0,0,0,0,0.787004,0.787004
99,20,-0.259676,0,0,0,0,-0.813268,-0.813268
99,21,-0.814129,0,0,0,0,-2.54974,-2.54974
100,1,-0.145631,0,0,0,0,-0.456095,-0.456095
100,2,-0.113286,0,0,0,0,-0.354795,-0.354795
100,3,-0.0809627,0,0,0,0,-0.253564,-0.253564
100,4,0.420687,0,0,0,0,1.31753,1.31753
100,5,-0.129177,0,0,0,0,-0.404564,-0.404564
100,6,0.45161,0,0,0,0,1.41438,1.41438
100,7,0.276194,0,0,0,0,0.865,0.865
100,8,-0.0670022,0,0,0,0,-0.209841,-0.209841
100,9,-0.245376,0,0,0,0,-0.768482,-0.768482
100,10,0.0749101,0,0,0,0,0.234608,0.234608
100,11,0.0972308,0,0,0,0,0.304513,0.304513
100,12,-0.565769,0,0,0,0,-1.77191,-1.77191
100,13,-0.433304,0,0,0,0,-1.35705,-1.35705
100,14,0.126337,0,0,0,0,0.395669,0.395669
100,15,0.131376,0,0,0,0,0.411451,0.411451
100,16,0.263684,0,0,0,0,0.82582,0.82582
100,17,0.38179,0,0,0,0,1.19571,1.19571
100,18,-0.0281959,0,0,0,0,-0.0883055,-0.0883055
100,19,-0.080458,0,0,0,0,-0.251983,-0.251983
100,20,-0.0674148,0,0,0,0,-0.211133,-0.211133
100,21,0.288252,0,0,0,0,0.902764,0.902764
