id,time,yS,popPred_medianCOV,popPred,indivPred_SAEM,indivPred_mean,indivPred_mode,indWRes_SAEM,indWRes_mean,indWRes_mode
1,0,0.365217,0,0,0,0,0,0.759228,0.759228,0.759228
1,50,208.815,200,200,209.668,209.683,209.684,-1.77331,-1.80502,-1.80705
1,100,419.642,400,400,419.336,419.367,419.369,0.636,0.572584,0.568532
2,0,0.998041,0,0,0,0,0,2.07477,2.07477,2.07477
2,50,231.582,200,200,231.614,231.615,231.615,-0.0661414,-0.0685372,-0.0678171
2,100,463.17,400,400,463.228,463.23,463.229,-0.11981,-0.124601,-0.123161
3,0,-0.473884,0,0,0,0,0,-0.98513,-0.98513,-0.98513
3,50,189.548,200,200,189.822,189.801,189.827,-0.57057,-0.526137,-0.580405
3,100,379.852,400,400,379.645,379.602,379.654,0.430463,0.519329,0.410793
4,0,0.202959,0,0,0,0,0,0.42192,0.42192,0.42192
4,50,265.297,200,200,265.203,265.183,265.205,0.196062,0.237921,0.191848
4,100,530.153,400,400,530.405,530.365,530.409,-0.524646,-0.440926,-0.533073
5,0,0.908194,0,0,0,0,0,1.88799,1.88799,1.88799
5,50,181.494,200,200,181.078,181.08,181.069,0.863765,0.860212,0.88386
5,100,361.805,400,400,362.157,362.16,362.138,-0.731738,-0.738845,-0.691548
6,0,-0.203337,0,0,0,0,0,-0.422705,-0.422705,-0.422705
6,50,202.816,200,200,202.631,202.647,202.638,0.383673,0.351384,0.370207
6,100,405.296,400,400,405.263,405.294,405.276,0.0688557,0.00427653,0.0419235
7,0,-0.126703,0,0,0,0,0,-0.263395,-0.263395,-0.263395
7,50,210.596,200,200,210.842,210.837,210.837,-0.511646,-0.501472,-0.501727
7,100,422.634,400,400,421.684,421.674,421.675,1.9744,1.99475,1.99424
8,0,0.0088541,0,0,0,0,0,0.0184063,0.0184063,0.0184063
8,50,211.457,200,200,211.23,211.264,211.246,0.472918,0.400917,0.439154
8,100,422.617,400,400,422.459,422.528,422.492,0.328421,0.184418,0.260893
9,0,-0.50216,0,0,0,0,0,-1.04391,-1.04391,-1.04391
9,50,101.302,200,200,100.738,100.749,100.733,1.17239,1.15045,1.18241
9,100,201.231,400,400,201.476,201.497,201.466,-0.509461,-0.553342,-0.489434
10,0,0.734764,0,0,0,0,0,1.52746,1.52746,1.52746
10,50,163.747,200,200,164.069,164.058,164.071,-0.670396,-0.646977,-0.673298
10,100,328.54,400,400,328.139,328.116,328.142,0.833676,0.880513,0.827872
11,0,-0.0258905,0,0,0,0,0,-0.0538222,-0.0538222,-0.0538222
11,50,207.125,200,200,207.31,207.33,207.309,-0.384669,-0.425143,-0.381787
11,100,415.26,400,400,414.62,414.659,414.617,1.33029,1.24934,1.33606
12,0,1.1981,0,0,0,0,0,2.49066,2.49066,2.49066
12,50,229.809,200,200,230.084,230.121,230.11,-0.57212,-0.648777,-0.625637
12,100,460.288,400,400,460.168,460.242,460.22,0.248583,0.0952695,0.141549
13,0,-0.0123449,0,0,0,0,0,-0.0256631,-0.0256631,-0.0256631
13,50,197.986,200,200,197.959,197.955,197.955,0.0561691,0.0645899,0.0648832
13,100,396.001,400,400,395.918,395.91,395.91,0.172625,0.189466,0.190053
14,0,0.16986,0,0,0,0,0,0.353112,0.353112,0.353112
14,50,127.251,200,200,127.186,127.178,127.19,0.135723,0.152765,0.126998
14,100,253.677,400,400,254.371,254.355,254.38,-1.4436,-1.40951,-1.46105
15,0,-0.210574,0,0,0,0,0,-0.43775,-0.43775,-0.43775
15,50,238.651,200,200,237.078,237.082,237.085,3.26991,3.2611,3.25487
15,100,474.432,400,400,474.156,474.165,474.171,0.573555,0.555932,0.54347
16,0,0.0303435,0,0,0,0,0,0.0630793,0.0630793,0.0630793
16,50,192.729,200,200,192.684,192.665,192.689,0.0925603,0.13366,0.0828061
16,100,385.385,400,400,385.369,385.329,385.378,0.0333651,0.115565,0.0138568
17,0,-0.0906888,0,0,0,0,0,-0.188528,-0.188528,-0.188528
17,50,253.783,200,200,253.964,253.957,253.973,-0.375808,-0.361065,-0.396001
17,100,507.819,400,400,507.928,507.913,507.947,-0.225668,-0.196184,-0.266056
18,0,0.0463285,0,0,0,0,0,0.0963096,0.0963096,0.0963096
18,50,236.233,200,200,235.656,235.644,235.649,1.19936,1.22469,1.21409
18,100,471.432,400,400,471.312,471.288,471.298,0.249204,0.299862,0.278663
19,0,0.9056,0,0,0,0,0,1.8826,1.8826,1.8826
19,50,185.059,200,200,186.055,186.044,186.046,-2.07007,-2.04811,-2.05091
19,100,372.012,400,400,372.11,372.088,372.091,-0.202805,-0.158891,-0.164501
20,0,-0.324694,0,0,0,0,0,-0.674987,-0.674987,-0.674987
20,50,164.97,200,200,164.77,164.783,164.774,0.416397,0.388179,0.408114
20,100,329.237,400,400,329.539,329.567,329.547,-0.628632,-0.685067,-0.645198
21,0,-0.304199,0,0,0,0,0,-0.632381,-0.632381,-0.632381
21,50,175.764,200,200,175.382,175.407,175.391,0.794422,0.743058,0.775478
21,100,351.201,400,400,350.764,350.813,350.782,0.909064,0.806335,0.871175
22,0,-0.178837,0,0,0,0,0,-0.371774,-0.371774,-0.371774
22,50,165.857,200,200,165.509,165.503,165.517,0.723299,0.735387,0.705894
22,100,330.595,400,400,331.018,331.007,331.035,-0.879625,-0.855449,-0.914436
23,0,-0.0333586,0,0,0,0,0,-0.0693472,-0.0693472,-0.0693472
23,50,131.619,200,200,131.953,131.935,131.943,-0.693662,-0.657732,-0.672936
23,100,263.955,400,400,263.905,263.871,263.885,0.103205,0.175066,0.144657
24,0,-1.00781,0,0,0,0,0,-2.09508,-2.09508,-2.09508
24,50,180.509,200,200,180.254,180.229,180.221,0.531115,0.581993,0.599446
24,100,360.052,400,400,360.507,360.458,360.441,-0.945931,-0.844175,-0.809269
25,0,-0.510163,0,0,0,0,0,-1.06055,-1.06055,-1.06055
25,50,200.098,200,200,199.202,199.232,199.206,1.86193,1.79943,1.85452
25,100,398.52,400,400,398.405,398.465,398.412,0.239721,0.114725,0.224903
26,0,-0.523221,0,0,0,0,0,-1.08769,-1.08769,-1.08769
26,50,182.849,200,200,183.04,183.035,183.041,-0.396268,-0.386067,-0.400151
26,100,365.956,400,400,366.079,366.069,366.083,-0.256195,-0.235793,-0.263961
27,0,0.653551,0,0,0,0,0,1.35863,1.35863,1.35863
27,50,240.449,200,200,240.907,240.904,240.908,-0.95225,-0.946555,-0.953822
27,100,481.091,400,400,481.814,481.809,481.816,-1.50328,-1.49189,-1.50643
28,0,-0.124118,0,0,0,0,0,-0.258022,-0.258022,-0.258022
28,50,212.591,200,200,212.714,212.699,212.723,-0.255581,-0.224284,-0.274345
28,100,425.049,400,400,425.428,425.398,425.446,-0.787648,-0.725053,-0.825175
29,0,-0.308782,0,0,0,0,0,-0.641909,-0.641909,-0.641909
29,50,148.654,200,200,149.617,149.577,149.597,-2.00105,-1.91895,-1.96073
29,100,299.656,400,400,299.233,299.154,299.194,0.879015,1.04321,0.959664
30,0,-0.0952196,0,0,0,0,0,-0.197946,-0.197946,-0.197946
30,50,240.163,200,200,240.427,240.41,240.429,-0.548895,-0.512759,-0.553982
30,100,481.318,400,400,480.854,480.819,480.859,0.96442,1.03669,0.954247
31,0,-0.146073,0,0,0,0,0,-0.303663,-0.303663,-0.303663
31,50,209.956,200,200,209.873,209.871,209.878,0.172231,0.176859,0.162279
31,100,419.354,400,400,419.746,419.742,419.756,-0.815532,-0.806276,-0.835435
32,0,-0.610633,0,0,0,0,0,-1.26941,-1.26941,-1.26941
32,50,205.05,200,200,205.16,205.14,205.156,-0.228272,-0.187042,-0.220998
32,100,410.453,400,400,410.32,410.28,410.313,0.277288,0.359747,0.291835
33,0,0.528484,0,0,0,0,0,1.09863,1.09863,1.09863
33,50,177.079,200,200,176.857,176.864,176.855,0.460702,0.446395,0.465308
33,100,353.731,400,400,353.715,353.729,353.71,0.0337389,0.00512407,0.0429516
34,0,-0.310803,0,0,0,0,0,-0.64611,-0.64611,-0.64611
34,50,151.005,200,200,151.522,151.502,151.51,-1.075,-1.03283,-1.05062
34,100,302.805,400,400,303.044,303.004,303.021,-0.497329,-0.41299,-0.448568
35,0,-0.960539,0,0,0,0,0,-1.99681,-1.99681,-1.99681
35,50,263.534,200,200,263.39,263.389,263.37,0.299084,0.300949,0.339954
35,100,527.207,400,400,526.78,526.778,526.741,0.887127,0.890857,0.968868
36,0,0.540092,0,0,0,0,0,1.12277,1.12277,1.12277
36,50,178.687,200,200,178.35,178.355,178.355,0.700374,0.689532,0.68943
36,100,356.323,400,400,356.7,356.711,356.711,-0.784114,-0.805799,-0.806002
37,0,0.337767,0,0,0,0,0,0.702164,0.702164,0.702164
37,50,176.087,200,200,175.979,175.997,175.987,0.225175,0.187652,0.208235
37,100,351.726,400,400,351.957,351.993,351.974,-0.480971,-0.556017,-0.514851
38,0,-0.491022,0,0,0,0,0,-1.02076,-1.02076,-1.02076
38,50,233.572,200,200,234.037,234.062,234.07,-0.966757,-1.01789,-1.03445
38,100,468.856,400,400,468.074,468.123,468.139,1.62546,1.5232,1.49007
39,0,-0.417234,0,0,0,0,0,-0.867363,-0.867363,-0.867363
39,50,237.487,200,200,237.454,237.495,237.487,0.0692881,-0.0172108,0.000705963
39,100,475.006,400,400,474.907,474.991,474.973,0.205099,0.0321014,0.0679348
40,0,0.429803,0,0,0,0,0,0.893492,0.893492,0.893492
40,50,185.523,200,200,184.819,184.803,184.815,1.4636,1.49669,1.47152
40,100,368.717,400,400,369.638,369.606,369.63,-1.91442,-1.84823,-1.89858
41,0,-0.298567,0,0,0,0,0,-0.620673,-0.620673,-0.620673
41,50,241.456,200,200,241.528,241.523,241.527,-0.149604,-0.138858,-0.147515
41,100,482.606,400,400,483.056,483.046,483.054,-0.935333,-0.91384,-0.931155
42,0,-0.254766,0,0,0,0,0,-0.529618,-0.529618,-0.529618
42,50,201.471,200,200,201.441,201.429,201.435,0.0628874,0.0875371,0.0739675
42,100,403.732,400,400,402.881,402.858,402.871,1.76806,1.81736,1.79022
43,0,0.362362,0,0,0,0,0,0.753293,0.753293,0.753293
43,50,186.849,200,200,187.12,187.123,187.119,-0.563646,-0.570119,-0.561583
43,100,373.311,400,400,374.24,374.246,374.238,-1.9318,-1.94475,-1.92768
44,0,-0.273608,0,0,0,0,0,-0.568788,-0.568788,-0.568788
44,50,200.493,200,200,200.181,200.165,200.189,0.649564,0.68099,0.632761
44,100,400.564,400,400,400.361,400.331,400.377,0.421857,0.484709,0.388252
45,0,-1.2632,0,0,0,0,0,-2.62599,-2.62599,-2.62599
45,50,233.292,200,200,233.363,233.366,233.368,-0.147751,-0.153141,-0.157504
45,100,466.081,400,400,466.726,466.731,466.736,-1.34116,-1.35194,-1.36066
46,0,0.260511,0,0,0,0,0,0.541561,0.541561,0.541561
46,50,166.573,200,200,166.722,166.705,166.709,-0.309651,-0.273698,-0.283415
46,100,333.26,400,400,333.444,333.409,333.419,-0.382313,-0.310407,-0.329843
47,0,-0.990912,0,0,0,0,0,-2.05995,-2.05995,-2.05995
47,50,146.592,200,200,146.717,146.724,146.713,-0.260464,-0.274824,-0.251889
47,100,293.427,400,400,293.435,293.448,293.426,-0.0157691,-0.0444894,0.00137945
48,0,0.555305,0,0,0,0,0,1.15439,1.15439,1.15439
48,50,188.906,200,200,188.632,188.646,188.644,0.570413,0.540649,0.544387
48,100,377.36,400,400,377.263,377.292,377.288,0.201191,0.141662,0.149138
49,0,0.317291,0,0,0,0,0,0.659598,0.659598,0.659598
49,50,192.117,200,200,192.673,192.674,192.673,-1.15628,-1.15762,-1.15621
49,100,386.076,400,400,385.346,385.348,385.346,1.51667,1.51398,1.51681
50,0,-0.483829,0,0,0,0,0,-1.0058,-1.0058,-1.0058
50,50,243.337,200,200,243.162,243.161,243.165,0.364682,0.366521,0.357867
50,100,485.935,400,400,486.323,486.321,486.33,-0.8069,-0.803221,-0.820531
